   0.0000000000000000        0.0000000000000000        6.1839609817422488E-002
   6.5821195100000001       -0.0000000000000000       -4.7834920111423783E-002
   13.164239020000000        0.0000000000000000        1.6196901171021516E-002
   19.746358529999998        0.0000000000000000        1.1891743989657701E-002
   26.328478040000000       -0.0000000000000000       -2.2887887627651309E-002
   32.910597549999999        0.0000000000000000        1.8595334692762148E-002
   39.492717059999997       -0.0000000000000000       -9.0375045423011276E-003
   46.074836569999995        0.0000000000000000        1.9860379810451474E-003
   52.656956080000000        0.0000000000000000        7.8544458580596141E-004
   59.239075589999999       -0.0000000000000000       -9.8996485764634703E-004
   65.821195099999997        0.0000000000000000        5.0561001936362939E-004
   72.403314609999995       -0.0000000000000000       -1.5435690334481621E-004
   78.985434119999994        0.0000000000000000        2.1936471903804785E-005
   85.567553629999992        0.0000000000000000        4.6628473927858810E-006
   92.149673139999990       -0.0000000000000000       -3.8705762939356420E-006
   98.731792649999988        0.0000000000000000        1.2430867655226599E-006
   105.31391216000000       -0.0000000000000000       -2.3833444560154842E-007
   111.89603167000000        0.0000000000000000        2.1836308939186241E-008
   118.47815118000000        0.0000000000000000        2.4851678890466102E-009
   125.06027069000000       -0.0000000000000000       -1.3679199524467326E-009
   131.64239019999999        0.0000000000000000        2.7635083989703954E-010
   138.22450970999998       -0.0000000000000000       -3.3268964986776299E-011
   144.80662921999999        0.0000000000000000        1.9597453670260675E-012
   151.38874873000000        0.0000000000000000        1.1873647151204383E-013
   157.97086823999999       -0.0000000000000000       -4.3697970776438604E-014
   164.55298775000000        0.0000000000000000        5.5551139581184679E-015
   171.13510725999998       -0.0000000000000000       -4.1984728421413189E-016
   177.71722677000000        0.0000000000000000        1.5862631246540446E-017
   184.29934627999998        0.0000000000000000        5.0754863213482611E-019
   190.88146578999999       -0.0000000000000000       -1.2617187069883292E-019
   197.46358529999998        0.0000000000000000        1.0097108917608169E-020
   204.04570480999999       -0.0000000000000000       -4.7901627639193701E-022
   210.62782432000000        0.0000000000000000        1.1583268296498271E-023
   217.20994382999999        0.0000000000000000        1.9357868188188933E-025
   223.79206334000000       -0.0000000000000000       -3.2926710368145179E-026
   230.37418284999998        0.0000000000000000        1.6594792337365265E-027
   236.95630236000000       -0.0000000000000000       -4.9410904051636882E-029
   243.53842186999998        0.0000000000000000        7.6326363952709119E-031
   250.12054137999999        0.0000000000000000        6.5621044735068131E-033
   256.70266089000000       -0.0000000000000000       -7.7660657087394379E-034
   263.28478039999999        0.0000000000000000        2.4661297343056575E-035
   269.86689990999997       -0.0000000000000000       -4.6080287619265307E-037
   276.44901941999996        0.0000000000000000        4.5393976751665529E-039
   283.03113893000000        0.0000000000000000        1.9657099543132314E-041
   289.61325843999998       -0.0000000000000000       -1.6553943148871502E-042
   296.19537794999997        0.0000000000000000        3.3138107858341317E-044
   302.77749746000001       -0.0000000000000000       -3.8853772480821063E-046
   309.35961696999999        0.0000000000000000        2.4371519797513986E-048
   315.94173647999997        0.0000000000000000        5.1555241646940202E-051
   322.52385598999996       -0.0000000000000000       -3.1888088851527081E-052
   329.10597550000000        0.0000000000000000        4.0262925031771394E-054
   335.68809500999998       -0.0000000000000000       -2.9619803952427000E-056
   342.27021451999997        0.0000000000000000        1.1814032190428805E-058
   348.85233402999995        0.0000000000000000        1.1649260316467857E-061
   355.43445353999999       -0.0000000000000000       -5.5508446737867799E-063
   362.01657304999998        0.0000000000000000        4.4233026822182070E-065
   368.59869255999996       -0.0000000000000000       -2.0415831883187664E-067
   375.18081207000000        0.0000000000000000        5.1713840029613418E-070
   381.76293157999999        0.0000000000000000        2.1958852153837692E-073
   388.34505108999997       -0.0000000000000000       -8.7310773606889946E-075
   394.92717059999995        0.0000000000000000        4.3938917816451165E-077
   401.50929010999999       -0.0000000000000000       -1.2723085731492763E-079
   408.09140961999998        0.0000000000000000        2.0443878088136828E-082
   414.67352912999996        0.0000000000000000        3.1847317581558453E-086
   421.25564864000000       -0.0000000000000000       -1.2408715046730842E-087
   427.83776814999999        0.0000000000000000        3.9464880549797091E-090
   434.41988765999997       -0.0000000000000000       -7.1690646497068196E-093
   441.00200716999996        0.0000000000000000        7.2998890969518637E-096
   447.58412668000000        0.0000000000000000        2.5197396026097669E-100
   454.16624618999998       -0.0000000000000000       -1.5933276595645697E-101
   460.74836569999997        0.0000000000000000        3.2050002704564852E-104
   467.33048520999995       -0.0000000000000000       -3.6524230154288767E-107
   473.91260471999999        0.0000000000000000        2.3545563900779566E-110
   480.49472422999997       -0.0000000000000000       -3.4240378477274195E-115
   487.07684373999996       -0.0000000000000000       -1.8482828256162207E-116
   493.65896325000000        0.0000000000000000        2.3534122283146173E-119
   500.24108275999998       -0.0000000000000000       -1.6824869927506695E-122
   506.82320226999997        0.0000000000000000        6.8608925043854421E-126
   513.40532178000001       -0.0000000000000000       -2.0505953322415106E-130
   519.98744128999999       -0.0000000000000000       -1.9367729306117284E-132
   526.56956079999998        0.0000000000000000        1.5624895182545343E-135
   533.15168030999996       -0.0000000000000000       -7.0077349349281948E-139
   539.73379981999994        0.0000000000000000        1.8061994780007890E-142
   546.31591932999993       -0.0000000000000000       -5.5418041787065874E-147
   552.89803883999991       -0.0000000000000000       -1.8331305813202825E-149
   559.48015835000001        0.0000000000000000        9.3795410437584810E-153
   566.06227785999999       -0.0000000000000000       -2.6391366035852505E-156
   572.64439736999998        0.0000000000000000        4.2963123527765951E-160
   579.22651687999996       -0.0000000000000000       -1.1219597695014459E-164
   585.80863638999995       -0.0000000000000000       -1.5669850933578915E-167
   592.39075589999993        0.0000000000000000        5.0908147536866683E-171
   598.97287540999992       -0.0000000000000000       -8.9868397260994367E-175
   605.55499492000001        0.0000000000000000        9.2342041772342118E-179
   612.13711443000000       -0.0000000000000000       -1.8781503878823929E-183
   618.71923393999998       -0.0000000000000000       -1.2095935942210528E-186
   625.30135344999997        0.0000000000000000        2.4982145707499995E-190
   631.88347295999995       -0.0000000000000000       -2.7670400808314626E-194
   638.46559246999993        0.0000000000000000        1.7935041667352650E-198
   645.04771197999992       -0.0000000000000000       -2.6977558936685478E-203
   651.62983149000002       -0.0000000000000000       -8.4305641862482866E-207
   658.21195100000000        0.0000000000000000        1.1084192169691503E-210
   664.79407050999998       -0.0000000000000000       -7.7035229556142609E-215
   671.37619001999997        0.0000000000000000        3.1479517121251549E-219
   677.95830952999995       -0.0000000000000000       -3.3853877590389707E-224
   684.54042903999994       -0.0000000000000000       -5.3045372735578680E-228
   691.12254854999992        0.0000000000000000        4.4463633620385945E-232
   697.70466805999990       -0.0000000000000000       -1.9392361313527425E-236
   704.28678757000000        0.0000000000000000        4.9934174545730889E-241
   710.86890707999999       -0.0000000000000000       -3.7492016905642599E-246
   717.45102658999997       -0.0000000000000000       -3.0125443306543988E-250
   724.03314609999995        0.0000000000000000        1.6126003459373701E-254
   730.61526560999994       -0.0000000000000000       -4.4140887044071956E-259
   737.19738511999992        0.0000000000000000        7.1586539016150905E-264
   743.77950462999991       -0.0000000000000000       -3.6873019003364087E-269
   750.36162414000000       -0.0000000000000000       -1.5439175861841259E-273
   756.94374364999999        0.0000000000000000        5.2876570482752930E-278
   763.52586315999997       -0.0000000000000000       -9.0849366556475683E-283
   770.10798266999996        0.0000000000000000        9.2756941256788848E-288
   776.69010217999994       -0.0000000000000000       -3.2338090715448124E-293
   783.27222168999992       -0.0000000000000000       -7.1386322668344122E-298
   789.85434119999991        0.0000000000000000        1.5675012284977350E-302
   796.43646071000001       -0.0000000000000000       -1.6907307317038532E-307
   803.01858021999999        0.0000000000000000        1.0863241496237745E-312
   809.60069972999997       -0.0000000000000000       -2.5363304588341648E-318
   816.18281923999996       -0.0000000000000000       -2.9643938750474793E-323
   822.76493874999994        0.0000000000000000        0.0000000000000000     
   829.34705825999993       -0.0000000000000000       -0.0000000000000000     
   835.92917776999991        0.0000000000000000        0.0000000000000000     
   842.51129728000001       -0.0000000000000000       -0.0000000000000000     
   849.09341678999999       -0.0000000000000000       -0.0000000000000000     
   855.67553629999998        0.0000000000000000        0.0000000000000000     
   862.25765580999996       -0.0000000000000000       -0.0000000000000000     
   868.83977531999994        0.0000000000000000        0.0000000000000000     
   875.42189482999993       -0.0000000000000000       -0.0000000000000000     
   882.00401433999991       -0.0000000000000000       -0.0000000000000000     
   888.58613384999990        0.0000000000000000        0.0000000000000000     
   895.16825335999999       -0.0000000000000000       -0.0000000000000000     
   901.75037286999998        0.0000000000000000        0.0000000000000000     
   908.33249237999996       -0.0000000000000000       -0.0000000000000000     
   914.91461188999995       -0.0000000000000000       -0.0000000000000000     
   921.49673139999993        0.0000000000000000        0.0000000000000000     
   928.07885090999991       -0.0000000000000000       -0.0000000000000000     
   934.66097041999990        0.0000000000000000        0.0000000000000000     
   941.24308993000000       -0.0000000000000000       -0.0000000000000000     
   947.82520943999998       -0.0000000000000000       -0.0000000000000000     
   954.40732894999996        0.0000000000000000        0.0000000000000000     
   960.98944845999995       -0.0000000000000000       -0.0000000000000000     
   967.57156796999993        0.0000000000000000        0.0000000000000000     
   974.15368747999992       -0.0000000000000000       -0.0000000000000000     
   980.73580698999990       -0.0000000000000000       -0.0000000000000000     
   987.31792650000000        0.0000000000000000        0.0000000000000000     
   993.90004600999998       -0.0000000000000000       -0.0000000000000000     
   1000.4821655200000        0.0000000000000000        0.0000000000000000     
   1007.0642850300000       -0.0000000000000000       -0.0000000000000000     
   1013.6464045399999       -0.0000000000000000       -0.0000000000000000     
   1020.2285240499999        0.0000000000000000        0.0000000000000000     
   1026.8106435600000       -0.0000000000000000       -0.0000000000000000     
   1033.3927630700000        0.0000000000000000        0.0000000000000000     
   1039.9748825800000       -0.0000000000000000       -0.0000000000000000     
   1046.5570020900000       -0.0000000000000000       -0.0000000000000000     
   1053.1391216000000        0.0000000000000000        0.0000000000000000     
   1059.7212411099999       -0.0000000000000000       -0.0000000000000000     
   1066.3033606199999        0.0000000000000000        0.0000000000000000     
   1072.8854801299999       -0.0000000000000000       -0.0000000000000000     
   1079.4675996399999       -0.0000000000000000       -0.0000000000000000     
   1086.0497191499999        0.0000000000000000        0.0000000000000000     
   1092.6318386599999       -0.0000000000000000       -0.0000000000000000     
   1099.2139581699998        0.0000000000000000        0.0000000000000000     
   1105.7960776799998       -0.0000000000000000       -0.0000000000000000     
   1112.3781971900000       -0.0000000000000000       -0.0000000000000000     
   1118.9603167000000        0.0000000000000000        0.0000000000000000     
   1125.5424362100000       -0.0000000000000000       -0.0000000000000000     
   1132.1245557200000        0.0000000000000000        0.0000000000000000     
   1138.7066752300000       -0.0000000000000000       -0.0000000000000000     
   1145.2887947400000       -0.0000000000000000       -0.0000000000000000     
   1151.8709142499999        0.0000000000000000        0.0000000000000000     
   1158.4530337599999       -0.0000000000000000       -0.0000000000000000     
   1165.0351532699999        0.0000000000000000        0.0000000000000000     
   1171.6172727799999       -0.0000000000000000       -0.0000000000000000     
   1178.1993922899999       -0.0000000000000000       -0.0000000000000000     
   1184.7815117999999        0.0000000000000000        0.0000000000000000     
   1191.3636313099998       -0.0000000000000000       -0.0000000000000000     
   1197.9457508199998        0.0000000000000000        0.0000000000000000     
   1204.5278703300000       -0.0000000000000000       -0.0000000000000000     
   1211.1099898400000       -0.0000000000000000       -0.0000000000000000     
   1217.6921093500000        0.0000000000000000        0.0000000000000000     
   1224.2742288600000       -0.0000000000000000       -0.0000000000000000     
   1230.8563483700000        0.0000000000000000        0.0000000000000000     
   1237.4384678800000       -0.0000000000000000       -0.0000000000000000     
   1244.0205873899999       -0.0000000000000000       -0.0000000000000000     
   1250.6027068999999        0.0000000000000000        0.0000000000000000     
   1257.1848264099999       -0.0000000000000000       -0.0000000000000000     
   1263.7669459199999        0.0000000000000000        0.0000000000000000     
   1270.3490654299999       -0.0000000000000000       -0.0000000000000000     
   1276.9311849399999       -0.0000000000000000       -0.0000000000000000     
   1283.5133044499999        0.0000000000000000        0.0000000000000000     
   1290.0954239599998       -0.0000000000000000       -0.0000000000000000     
   1296.6775434699998        0.0000000000000000        0.0000000000000000     
   1303.2596629800000       -0.0000000000000000       -0.0000000000000000     
   1309.8417824900000       -0.0000000000000000       -0.0000000000000000     
   1316.4239020000000        0.0000000000000000        0.0000000000000000     
   1323.0060215100000       -0.0000000000000000       -0.0000000000000000     
   1329.5881410200000        0.0000000000000000        0.0000000000000000     
   1336.1702605300000       -0.0000000000000000       -0.0000000000000000     
   1342.7523800399999       -0.0000000000000000       -0.0000000000000000     
   1349.3344995499999        0.0000000000000000        0.0000000000000000     
   1355.9166190599999       -0.0000000000000000       -0.0000000000000000     
   1362.4987385699999        0.0000000000000000        0.0000000000000000     
   1369.0808580799999       -0.0000000000000000       -0.0000000000000000     
   1375.6629775899999       -0.0000000000000000       -0.0000000000000000     
   1382.2450970999998        0.0000000000000000        0.0000000000000000     
   1388.8272166099998       -0.0000000000000000       -0.0000000000000000     
   1395.4093361199998        0.0000000000000000        0.0000000000000000     
   1401.9914556300000       -0.0000000000000000       -0.0000000000000000     
   1408.5735751400000        0.0000000000000000        0.0000000000000000     
   1415.1556946500000        0.0000000000000000        0.0000000000000000     
   1421.7378141600000       -0.0000000000000000       -0.0000000000000000     
   1428.3199336700000        0.0000000000000000        0.0000000000000000     
   1434.9020531799999       -0.0000000000000000       -0.0000000000000000     
   1441.4841726899999        0.0000000000000000        0.0000000000000000     
   1448.0662921999999        0.0000000000000000        0.0000000000000000     
   1454.6484117099999       -0.0000000000000000       -0.0000000000000000     
   1461.2305312199999        0.0000000000000000        0.0000000000000000     
   1467.8126507299999       -0.0000000000000000       -0.0000000000000000     
   1474.3947702399998        0.0000000000000000        0.0000000000000000     
   1480.9768897499998        0.0000000000000000        0.0000000000000000     
   1487.5590092599998       -0.0000000000000000       -0.0000000000000000     
   1494.1411287700000        0.0000000000000000        0.0000000000000000     
   1500.7232482800000       -0.0000000000000000       -0.0000000000000000     
   1507.3053677900000        0.0000000000000000        0.0000000000000000     
   1513.8874873000000        0.0000000000000000        0.0000000000000000     
   1520.4696068100000       -0.0000000000000000       -0.0000000000000000     
   1527.0517263199999        0.0000000000000000        0.0000000000000000     
   1533.6338458299999       -0.0000000000000000       -0.0000000000000000     
   1540.2159653399999        0.0000000000000000        0.0000000000000000     
   1546.7980848499999        0.0000000000000000        0.0000000000000000     
   1553.3802043599999       -0.0000000000000000       -0.0000000000000000     
   1559.9623238699999        0.0000000000000000        0.0000000000000000     
   1566.5444433799998       -0.0000000000000000       -0.0000000000000000     
   1573.1265628899998        0.0000000000000000        0.0000000000000000     
   1579.7086823999998        0.0000000000000000        0.0000000000000000     
   1586.2908019099998       -0.0000000000000000       -0.0000000000000000     
   1592.8729214200000        0.0000000000000000        0.0000000000000000     
   1599.4550409300000       -0.0000000000000000       -0.0000000000000000     
   1606.0371604400000        0.0000000000000000        0.0000000000000000     
   1612.6192799500000        0.0000000000000000        0.0000000000000000     
   1619.2013994599999       -0.0000000000000000       -0.0000000000000000     
   1625.7835189699999        0.0000000000000000        0.0000000000000000     
   1632.3656384799999       -0.0000000000000000       -0.0000000000000000     
   1638.9477579899999        0.0000000000000000        0.0000000000000000     
   1645.5298774999999        0.0000000000000000        0.0000000000000000     
   1652.1119970099999       -0.0000000000000000       -0.0000000000000000     
   1658.6941165199999        0.0000000000000000        0.0000000000000000     
   1665.2762360299998       -0.0000000000000000       -0.0000000000000000     
   1671.8583555399998        0.0000000000000000        0.0000000000000000     
   1678.4404750499998        0.0000000000000000        0.0000000000000000     
   1685.0225945600000       -0.0000000000000000       -0.0000000000000000     
   1691.6047140700000        0.0000000000000000        0.0000000000000000     
   1698.1868335800000       -0.0000000000000000       -0.0000000000000000     
   1704.7689530900000        0.0000000000000000        0.0000000000000000     
   1711.3510726000000        0.0000000000000000        0.0000000000000000     
   1717.9331921099999       -0.0000000000000000       -0.0000000000000000     
   1724.5153116199999        0.0000000000000000        0.0000000000000000     
   1731.0974311299999       -0.0000000000000000       -0.0000000000000000     
   1737.6795506399999        0.0000000000000000        0.0000000000000000     
   1744.2616701499999        0.0000000000000000        0.0000000000000000     
   1750.8437896599999       -0.0000000000000000       -0.0000000000000000     
   1757.4259091699998        0.0000000000000000        0.0000000000000000     
   1764.0080286799998       -0.0000000000000000       -0.0000000000000000     
   1770.5901481899998        0.0000000000000000        0.0000000000000000     
   1777.1722676999998        0.0000000000000000        0.0000000000000000     
   1783.7543872100000       -0.0000000000000000       -0.0000000000000000     
   1790.3365067200000        0.0000000000000000        0.0000000000000000     
   1796.9186262300000       -0.0000000000000000       -0.0000000000000000     
   1803.5007457400000        0.0000000000000000        0.0000000000000000     
   1810.0828652499999        0.0000000000000000        0.0000000000000000     
   1816.6649847599999       -0.0000000000000000       -0.0000000000000000     
   1823.2471042699999        0.0000000000000000        0.0000000000000000     
   1829.8292237799999       -0.0000000000000000       -0.0000000000000000     
   1836.4113432899999        0.0000000000000000        0.0000000000000000     
   1842.9934627999999        0.0000000000000000        0.0000000000000000     
   1849.5755823099998       -0.0000000000000000       -0.0000000000000000     
   1856.1577018199998        0.0000000000000000        0.0000000000000000     
   1862.7398213299998       -0.0000000000000000       -0.0000000000000000     
   1869.3219408399998        0.0000000000000000        0.0000000000000000     
   1875.9040603499998        0.0000000000000000        0.0000000000000000     
   1882.4861798600000       -0.0000000000000000       -0.0000000000000000     
   1889.0682993700000        0.0000000000000000        0.0000000000000000     
   1895.6504188800000       -0.0000000000000000       -0.0000000000000000     
   1902.2325383899999        0.0000000000000000        0.0000000000000000     
   1908.8146578999999        0.0000000000000000        0.0000000000000000     
   1915.3967774099999       -0.0000000000000000       -0.0000000000000000     
   1921.9788969199999        0.0000000000000000        0.0000000000000000     
   1928.5610164299999       -0.0000000000000000       -0.0000000000000000     
   1935.1431359399999        0.0000000000000000        0.0000000000000000     
   1941.7252554499998        0.0000000000000000        0.0000000000000000     
   1948.3073749599998       -0.0000000000000000       -0.0000000000000000     
   1954.8894944699998        0.0000000000000000        0.0000000000000000     
   1961.4716139799998       -0.0000000000000000       -0.0000000000000000     
   1968.0537334899998        0.0000000000000000        0.0000000000000000     
   1974.6358530000000        0.0000000000000000        0.0000000000000000     
   1981.2179725100000       -0.0000000000000000       -0.0000000000000000     
   1987.8000920200000        0.0000000000000000        0.0000000000000000     
   1994.3822115299999       -0.0000000000000000       -0.0000000000000000     
   2000.9643310399999        0.0000000000000000        0.0000000000000000     
   2007.5464505499999        0.0000000000000000        0.0000000000000000     
   2014.1285700599999       -0.0000000000000000       -0.0000000000000000     
   2020.7106895699999        0.0000000000000000        0.0000000000000000     
   2027.2928090799999       -0.0000000000000000       -0.0000000000000000     
   2033.8749285899999        0.0000000000000000        0.0000000000000000     
   2040.4570480999998        0.0000000000000000        0.0000000000000000     
   2047.0391676099998       -0.0000000000000000       -0.0000000000000000     
   2053.6212871200000        0.0000000000000000        0.0000000000000000     
   2060.2034066299998       -0.0000000000000000       -0.0000000000000000     
   2066.7855261400000        0.0000000000000000        0.0000000000000000     
   2073.3676456499998        0.0000000000000000        0.0000000000000000     
   2079.9497651600000       -0.0000000000000000       -0.0000000000000000     
   2086.5318846699997        0.0000000000000000        0.0000000000000000     
   2093.1140041799999       -0.0000000000000000       -0.0000000000000000     
   2099.6961236899997        0.0000000000000000        0.0000000000000000     
   2106.2782431999999        0.0000000000000000        0.0000000000000000     
   2112.8603627099997       -0.0000000000000000       -0.0000000000000000     
   2119.4424822199999        0.0000000000000000        0.0000000000000000     
   2126.0246017300001       -0.0000000000000000       -0.0000000000000000     
   2132.6067212399998        0.0000000000000000        0.0000000000000000     
   2139.1888407500001        0.0000000000000000        0.0000000000000000     
   2145.7709602599998       -0.0000000000000000       -0.0000000000000000     
   2152.3530797700000        0.0000000000000000        0.0000000000000000     
   2158.9351992799998       -0.0000000000000000       -0.0000000000000000     
   2165.5173187900000        0.0000000000000000        0.0000000000000000     
   2172.0994382999997        0.0000000000000000        0.0000000000000000     
   2178.6815578100000       -0.0000000000000000       -0.0000000000000000     
   2185.2636773199997        0.0000000000000000        0.0000000000000000     
   2191.8457968299999       -0.0000000000000000       -0.0000000000000000     
   2198.4279163399997        0.0000000000000000        0.0000000000000000     
   2205.0100358499999        0.0000000000000000        0.0000000000000000     
   2211.5921553599997       -0.0000000000000000       -0.0000000000000000     
   2218.1742748699999        0.0000000000000000        0.0000000000000000     
   2224.7563943800001       -0.0000000000000000       -0.0000000000000000     
   2231.3385138899998        0.0000000000000000        0.0000000000000000     
   2237.9206334000000        0.0000000000000000        0.0000000000000000     
   2244.5027529099998       -0.0000000000000000       -0.0000000000000000     
   2251.0848724200000        0.0000000000000000        0.0000000000000000     
   2257.6669919299998       -0.0000000000000000       -0.0000000000000000     
   2264.2491114400000        0.0000000000000000        0.0000000000000000     
   2270.8312309499997        0.0000000000000000        0.0000000000000000     
   2277.4133504599999       -0.0000000000000000       -0.0000000000000000     
   2283.9954699699997        0.0000000000000000        0.0000000000000000     
   2290.5775894799999       -0.0000000000000000       -0.0000000000000000     
   2297.1597089899997        0.0000000000000000        0.0000000000000000     
   2303.7418284999999        0.0000000000000000        0.0000000000000000     
   2310.3239480099996       -0.0000000000000000       -0.0000000000000000     
   2316.9060675199999        0.0000000000000000        0.0000000000000000     
   2323.4881870300001       -0.0000000000000000       -0.0000000000000000     
   2330.0703065399998        0.0000000000000000        0.0000000000000000     
   2336.6524260500000       -0.0000000000000000       -0.0000000000000000     
   2343.2345455599998       -0.0000000000000000       -0.0000000000000000     
   2349.8166650700000        0.0000000000000000        0.0000000000000000     
   2356.3987845799998       -0.0000000000000000       -0.0000000000000000     
   2362.9809040900000        0.0000000000000000        0.0000000000000000     
   2369.5630235999997       -0.0000000000000000       -0.0000000000000000     
   2376.1451431099999       -0.0000000000000000       -0.0000000000000000     
   2382.7272626199997        0.0000000000000000        0.0000000000000000     
   2389.3093821299999       -0.0000000000000000       -0.0000000000000000     
   2395.8915016399997        0.0000000000000000        0.0000000000000000     
   2402.4736211499999       -0.0000000000000000       -0.0000000000000000     
   2409.0557406600001       -0.0000000000000000       -0.0000000000000000     
   2415.6378601699998        0.0000000000000000        0.0000000000000000     
   2422.2199796800001       -0.0000000000000000       -0.0000000000000000     
   2428.8020991899998        0.0000000000000000        0.0000000000000000     
   2435.3842187000000       -0.0000000000000000       -0.0000000000000000     
   2441.9663382099998       -0.0000000000000000       -0.0000000000000000     
   2448.5484577200000        0.0000000000000000        0.0000000000000000     
   2455.1305772299997       -0.0000000000000000       -0.0000000000000000     
   2461.7126967400000        0.0000000000000000        0.0000000000000000     
   2468.2948162499997       -0.0000000000000000       -0.0000000000000000     
   2474.8769357599999       -0.0000000000000000       -0.0000000000000000     
   2481.4590552699997        0.0000000000000000        0.0000000000000000     
   2488.0411747799999       -0.0000000000000000       -0.0000000000000000     
   2494.6232942899996        0.0000000000000000        0.0000000000000000     
   2501.2054137999999       -0.0000000000000000       -0.0000000000000000     
   2507.7875333100001       -0.0000000000000000       -0.0000000000000000     
   2514.3696528199998        0.0000000000000000        0.0000000000000000     
   2520.9517723300000       -0.0000000000000000       -0.0000000000000000     
   2527.5338918399998        0.0000000000000000        0.0000000000000000     
   2534.1160113500000       -0.0000000000000000       -0.0000000000000000     
   2540.6981308599998       -0.0000000000000000       -0.0000000000000000     
   2547.2802503700000        0.0000000000000000        0.0000000000000000     
   2553.8623698799997       -0.0000000000000000       -0.0000000000000000     
   2560.4444893899999        0.0000000000000000        0.0000000000000000     
   2567.0266088999997       -0.0000000000000000       -0.0000000000000000     
   2573.6087284099999       -0.0000000000000000       -0.0000000000000000     
   2580.1908479199997        0.0000000000000000        0.0000000000000000     
   2586.7729674299999       -0.0000000000000000       -0.0000000000000000     
   2593.3550869399996        0.0000000000000000        0.0000000000000000     
   2599.9372064499998       -0.0000000000000000       -0.0000000000000000     
   2606.5193259600001       -0.0000000000000000       -0.0000000000000000     
   2613.1014454699998        0.0000000000000000        0.0000000000000000     
   2619.6835649800000       -0.0000000000000000       -0.0000000000000000     
   2626.2656844899998        0.0000000000000000        0.0000000000000000     
   2632.8478040000000       -0.0000000000000000       -0.0000000000000000     
   2639.4299235099998       -0.0000000000000000       -0.0000000000000000     
   2646.0120430200000        0.0000000000000000        0.0000000000000000     
   2652.5941625299997       -0.0000000000000000       -0.0000000000000000     
   2659.1762820399999        0.0000000000000000        0.0000000000000000     
   2665.7584015499997       -0.0000000000000000       -0.0000000000000000     
   2672.3405210599999       -0.0000000000000000       -0.0000000000000000     
   2678.9226405699997        0.0000000000000000        0.0000000000000000     
   2685.5047600799999       -0.0000000000000000       -0.0000000000000000     
   2692.0868795899996        0.0000000000000000        0.0000000000000000     
   2698.6689990999998       -0.0000000000000000       -0.0000000000000000     
   2705.2511186100000       -0.0000000000000000       -0.0000000000000000     
   2711.8332381199998        0.0000000000000000        0.0000000000000000     
   2718.4153576300000       -0.0000000000000000       -0.0000000000000000     
   2724.9974771399998        0.0000000000000000        0.0000000000000000     
   2731.5795966500000       -0.0000000000000000       -0.0000000000000000     
   2738.1617161599997       -0.0000000000000000       -0.0000000000000000     
   2744.7438356700000        0.0000000000000000        0.0000000000000000     
   2751.3259551799997       -0.0000000000000000       -0.0000000000000000     
   2757.9080746899999        0.0000000000000000        0.0000000000000000     
   2764.4901941999997       -0.0000000000000000       -0.0000000000000000     
   2771.0723137099999       -0.0000000000000000       -0.0000000000000000     
   2777.6544332199996        0.0000000000000000        0.0000000000000000     
   2784.2365527299999       -0.0000000000000000       -0.0000000000000000     
   2790.8186722399996        0.0000000000000000        0.0000000000000000     
   2797.4007917499998       -0.0000000000000000       -0.0000000000000000     
   2803.9829112600000       -0.0000000000000000       -0.0000000000000000     
   2810.5650307699998        0.0000000000000000        0.0000000000000000     
   2817.1471502800000       -0.0000000000000000       -0.0000000000000000     
   2823.7292697899998        0.0000000000000000        0.0000000000000000     
   2830.3113893000000       -0.0000000000000000       -0.0000000000000000     
   2836.8935088099997       -0.0000000000000000       -0.0000000000000000     
   2843.4756283199999        0.0000000000000000        0.0000000000000000     
   2850.0577478299997       -0.0000000000000000       -0.0000000000000000     
   2856.6398673399999        0.0000000000000000        0.0000000000000000     
   2863.2219868499997       -0.0000000000000000       -0.0000000000000000     
   2869.8041063599999       -0.0000000000000000       -0.0000000000000000     
   2876.3862258699996        0.0000000000000000        0.0000000000000000     
   2882.9683453799998       -0.0000000000000000       -0.0000000000000000     
   2889.5504648900001        0.0000000000000000        0.0000000000000000     
   2896.1325843999998       -0.0000000000000000       -0.0000000000000000     
   2902.7147039100000       -0.0000000000000000       -0.0000000000000000     
   2909.2968234199998        0.0000000000000000        0.0000000000000000     
   2915.8789429300000       -0.0000000000000000       -0.0000000000000000     
   2922.4610624399998        0.0000000000000000        0.0000000000000000     
   2929.0431819500000       -0.0000000000000000       -0.0000000000000000     
   2935.6253014599997       -0.0000000000000000       -0.0000000000000000     
   2942.2074209699999        0.0000000000000000        0.0000000000000000     
   2948.7895404799997       -0.0000000000000000       -0.0000000000000000     
   2955.3716599899999        0.0000000000000000        0.0000000000000000     
   2961.9537794999997       -0.0000000000000000       -0.0000000000000000     
   2968.5358990099999       -0.0000000000000000       -0.0000000000000000     
   2975.1180185199996        0.0000000000000000        0.0000000000000000     
   2981.7001380299998       -0.0000000000000000       -0.0000000000000000     
   2988.2822575400000        0.0000000000000000        0.0000000000000000     
   2994.8643770499998       -0.0000000000000000       -0.0000000000000000     
   3001.4464965600000       -0.0000000000000000       -0.0000000000000000     
   3008.0286160699998        0.0000000000000000        0.0000000000000000     
   3014.6107355800000       -0.0000000000000000       -0.0000000000000000     
   3021.1928550899997        0.0000000000000000        0.0000000000000000     
   3027.7749746000000       -0.0000000000000000       -0.0000000000000000     
   3034.3570941099997       -0.0000000000000000       -0.0000000000000000     
   3040.9392136199999        0.0000000000000000        0.0000000000000000     
   3047.5213331299997       -0.0000000000000000       -0.0000000000000000     
   3054.1034526399999        0.0000000000000000        0.0000000000000000     
   3060.6855721499996       -0.0000000000000000       -0.0000000000000000     
   3067.2676916599999       -0.0000000000000000       -0.0000000000000000     
   3073.8498111699996        0.0000000000000000        0.0000000000000000     
   3080.4319306799998       -0.0000000000000000       -0.0000000000000000     
   3087.0140501900000        0.0000000000000000        0.0000000000000000     
   3093.5961696999998       -0.0000000000000000       -0.0000000000000000     
   3100.1782892100000       -0.0000000000000000       -0.0000000000000000     
   3106.7604087199998        0.0000000000000000        0.0000000000000000     
   3113.3425282300000       -0.0000000000000000       -0.0000000000000000     
   3119.9246477399997        0.0000000000000000        0.0000000000000000     
   3126.5067672499999       -0.0000000000000000       -0.0000000000000000     
   3133.0888867599997       -0.0000000000000000       -0.0000000000000000     
   3139.6710062699999        0.0000000000000000        0.0000000000000000     
   3146.2531257799997       -0.0000000000000000       -0.0000000000000000     
   3152.8352452899999        0.0000000000000000        0.0000000000000000     
   3159.4173647999996       -0.0000000000000000       -0.0000000000000000     
   3165.9994843099998       -0.0000000000000000       -0.0000000000000000     
   3172.5816038199996        0.0000000000000000        0.0000000000000000     
   3179.1637233299998       -0.0000000000000000       -0.0000000000000000     
   3185.7458428400000        0.0000000000000000        0.0000000000000000     
   3192.3279623499998       -0.0000000000000000       -0.0000000000000000     
   3198.9100818600000       -0.0000000000000000       -0.0000000000000000     
   3205.4922013699997        0.0000000000000000        0.0000000000000000     
   3212.0743208800000       -0.0000000000000000       -0.0000000000000000     
   3218.6564403899997        0.0000000000000000        0.0000000000000000     
   3225.2385598999999       -0.0000000000000000       -0.0000000000000000     
   3231.8206794099997       -0.0000000000000000       -0.0000000000000000     
   3238.4027989199999        0.0000000000000000        0.0000000000000000     
   3244.9849184299997       -0.0000000000000000       -0.0000000000000000     
   3251.5670379399999        0.0000000000000000        0.0000000000000000     
   3258.1491574499996       -0.0000000000000000       -0.0000000000000000     
   3264.7312769599998       -0.0000000000000000       -0.0000000000000000     
   3271.3133964699996        0.0000000000000000        0.0000000000000000     
   3277.8955159799998       -0.0000000000000000       -0.0000000000000000     
   3284.4776354900000        0.0000000000000000        0.0000000000000000     
   3291.0597549999998       -0.0000000000000000       -0.0000000000000000     
   3297.6418745100000        0.0000000000000000        0.0000000000000000     
   3304.2239940199997        0.0000000000000000        0.0000000000000000     
   3310.8061135299999       -0.0000000000000000       -0.0000000000000000     
   3317.3882330399997        0.0000000000000000        0.0000000000000000     
   3323.9703525499999       -0.0000000000000000       -0.0000000000000000     
   3330.5524720599997        0.0000000000000000        0.0000000000000000     
   3337.1345915699999        0.0000000000000000        0.0000000000000000     
   3343.7167110799996       -0.0000000000000000       -0.0000000000000000     
   3350.2988305899999        0.0000000000000000        0.0000000000000000     
   3356.8809500999996       -0.0000000000000000       -0.0000000000000000     
   3363.4630696099998        0.0000000000000000        0.0000000000000000     
   3370.0451891200000        0.0000000000000000        0.0000000000000000     
   3376.6273086299998       -0.0000000000000000       -0.0000000000000000     
   3383.2094281400000        0.0000000000000000        0.0000000000000000     
   3389.7915476499998       -0.0000000000000000       -0.0000000000000000     
   3396.3736671600000        0.0000000000000000        0.0000000000000000     
   3402.9557866699997        0.0000000000000000        0.0000000000000000     
   3409.5379061799999       -0.0000000000000000       -0.0000000000000000     
   3416.1200256899997        0.0000000000000000        0.0000000000000000     
   3422.7021451999999       -0.0000000000000000       -0.0000000000000000     
   3429.2842647099997        0.0000000000000000        0.0000000000000000     
   3435.8663842199999        0.0000000000000000        0.0000000000000000     
   3442.4485037299996       -0.0000000000000000       -0.0000000000000000     
   3449.0306232399998        0.0000000000000000        0.0000000000000000     
   3455.6127427499996       -0.0000000000000000       -0.0000000000000000     
   3462.1948622599998        0.0000000000000000        0.0000000000000000     
   3468.7769817700000        0.0000000000000000        0.0000000000000000     
   3475.3591012799998       -0.0000000000000000       -0.0000000000000000     
   3481.9412207900000        0.0000000000000000        0.0000000000000000     
   3488.5233402999997       -0.0000000000000000       -0.0000000000000000     
   3495.1054598100000        0.0000000000000000        0.0000000000000000     
   3501.6875793199997        0.0000000000000000        0.0000000000000000     
   3508.2696988299999       -0.0000000000000000       -0.0000000000000000     
   3514.8518183399997        0.0000000000000000        0.0000000000000000     
   3521.4339378499999       -0.0000000000000000       -0.0000000000000000     
   3528.0160573599996        0.0000000000000000        0.0000000000000000     
   3534.5981768699999        0.0000000000000000        0.0000000000000000     
   3541.1802963799996       -0.0000000000000000       -0.0000000000000000     
   3547.7624158899998        0.0000000000000000        0.0000000000000000     
   3554.3445353999996       -0.0000000000000000       -0.0000000000000000     
   3560.9266549099998        0.0000000000000000        0.0000000000000000     
   3567.5087744200000        0.0000000000000000        0.0000000000000000     
   3574.0908939299998       -0.0000000000000000       -0.0000000000000000     
   3580.6730134400000        0.0000000000000000        0.0000000000000000     
   3587.2551329499997       -0.0000000000000000       -0.0000000000000000     
   3593.8372524599999        0.0000000000000000        0.0000000000000000     
   3600.4193719699997        0.0000000000000000        0.0000000000000000     
   3607.0014914799999       -0.0000000000000000       -0.0000000000000000     
   3613.5836109899997        0.0000000000000000        0.0000000000000000     
   3620.1657304999999       -0.0000000000000000       -0.0000000000000000     
   3626.7478500099996        0.0000000000000000        0.0000000000000000     
   3633.3299695199998        0.0000000000000000        0.0000000000000000     
   3639.9120890299996       -0.0000000000000000       -0.0000000000000000     
   3646.4942085399998        0.0000000000000000        0.0000000000000000     
   3653.0763280499996       -0.0000000000000000       -0.0000000000000000     
   3659.6584475599998        0.0000000000000000        0.0000000000000000     
   3666.2405670700000        0.0000000000000000        0.0000000000000000     
   3672.8226865799998       -0.0000000000000000       -0.0000000000000000     
   3679.4048060900000        0.0000000000000000        0.0000000000000000     
   3685.9869255999997       -0.0000000000000000       -0.0000000000000000     
   3692.5690451099999        0.0000000000000000        0.0000000000000000     
   3699.1511646199997        0.0000000000000000        0.0000000000000000     
   3705.7332841299999       -0.0000000000000000       -0.0000000000000000     
   3712.3154036399997        0.0000000000000000        0.0000000000000000     
   3718.8975231499999       -0.0000000000000000       -0.0000000000000000     
   3725.4796426599996        0.0000000000000000        0.0000000000000000     
   3732.0617621699998        0.0000000000000000        0.0000000000000000     
   3738.6438816799996       -0.0000000000000000       -0.0000000000000000     
   3745.2260011899998        0.0000000000000000        0.0000000000000000     
   3751.8081206999996       -0.0000000000000000       -0.0000000000000000     
   3758.3902402099998        0.0000000000000000        0.0000000000000000     
   3764.9723597200000        0.0000000000000000        0.0000000000000000     
   3771.5544792299997       -0.0000000000000000       -0.0000000000000000     
   3778.1365987400000        0.0000000000000000        0.0000000000000000     
   3784.7187182499997       -0.0000000000000000       -0.0000000000000000     
   3791.3008377599999        0.0000000000000000        0.0000000000000000     
   3797.8829572699997        0.0000000000000000        0.0000000000000000     
   3804.4650767799999       -0.0000000000000000       -0.0000000000000000     
   3811.0471962899996        0.0000000000000000        0.0000000000000000     
   3817.6293157999999       -0.0000000000000000       -0.0000000000000000     
   3824.2114353099996        0.0000000000000000        0.0000000000000000     
   3830.7935548199998        0.0000000000000000        0.0000000000000000     
   3837.3756743299996       -0.0000000000000000       -0.0000000000000000     
   3843.9577938399998        0.0000000000000000        0.0000000000000000     
   3850.5399133499996       -0.0000000000000000       -0.0000000000000000     
   3857.1220328599998        0.0000000000000000        0.0000000000000000     
   3863.7041523700000        0.0000000000000000        0.0000000000000000     
   3870.2862718799997       -0.0000000000000000       -0.0000000000000000     
   3876.8683913899999        0.0000000000000000        0.0000000000000000     
   3883.4505108999997       -0.0000000000000000       -0.0000000000000000     
   3890.0326304099999        0.0000000000000000        0.0000000000000000     
   3896.6147499199997        0.0000000000000000        0.0000000000000000     
   3903.1968694299999       -0.0000000000000000       -0.0000000000000000     
   3909.7789889399996        0.0000000000000000        0.0000000000000000     
   3916.3611084499998       -0.0000000000000000       -0.0000000000000000     
   3922.9432279599996        0.0000000000000000        0.0000000000000000     
   3929.5253474699998        0.0000000000000000        0.0000000000000000     
   3936.1074669799996       -0.0000000000000000       -0.0000000000000000     
   3942.6895864899998        0.0000000000000000        0.0000000000000000     
   3949.2717060000000       -0.0000000000000000       -0.0000000000000000     
   3955.8538255099998        0.0000000000000000        0.0000000000000000     
   3962.4359450200000        0.0000000000000000        0.0000000000000000     
   3969.0180645299997       -0.0000000000000000       -0.0000000000000000     
   3975.6001840399999        0.0000000000000000        0.0000000000000000     
   3982.1823035499997       -0.0000000000000000       -0.0000000000000000     
   3988.7644230599999        0.0000000000000000        0.0000000000000000     
   3995.3465425699997        0.0000000000000000        0.0000000000000000     
   4001.9286620799999       -0.0000000000000000       -0.0000000000000000     
   4008.5107815899996        0.0000000000000000        0.0000000000000000     
   4015.0929010999998       -0.0000000000000000       -0.0000000000000000     
   4021.6750206099996        0.0000000000000000        0.0000000000000000     
   4028.2571401199998        0.0000000000000000        0.0000000000000000     
   4034.8392596299996       -0.0000000000000000       -0.0000000000000000     
   4041.4213791399998        0.0000000000000000        0.0000000000000000     
   4048.0034986500000       -0.0000000000000000       -0.0000000000000000     
   4054.5856181599997        0.0000000000000000        0.0000000000000000     
   4061.1677376700000        0.0000000000000000        0.0000000000000000     
   4067.7498571799997       -0.0000000000000000       -0.0000000000000000     
   4074.3319766899999        0.0000000000000000        0.0000000000000000     
   4080.9140961999997       -0.0000000000000000       -0.0000000000000000     
   4087.4962157099999        0.0000000000000000        0.0000000000000000     
   4094.0783352199996        0.0000000000000000        0.0000000000000000     
   4100.6604547299994       -0.0000000000000000       -0.0000000000000000     
   4107.2425742400001        0.0000000000000000        0.0000000000000000     
   4113.8246937499998       -0.0000000000000000       -0.0000000000000000     
   4120.4068132599996        0.0000000000000000        0.0000000000000000     
   4126.9889327699993        0.0000000000000000        0.0000000000000000     
   4133.5710522800000       -0.0000000000000000       -0.0000000000000000     
   4140.1531717899998        0.0000000000000000        0.0000000000000000     
   4146.7352912999995       -0.0000000000000000       -0.0000000000000000     
   4153.3174108100002        0.0000000000000000        0.0000000000000000     
   4159.8995303199999        0.0000000000000000        0.0000000000000000     
   4166.4816498299997       -0.0000000000000000       -0.0000000000000000     
   4173.0637693399995        0.0000000000000000        0.0000000000000000     
   4179.6458888500001       -0.0000000000000000       -0.0000000000000000     
   4186.2280083599999        0.0000000000000000        0.0000000000000000     
   4192.8101278699996        0.0000000000000000        0.0000000000000000     
   4199.3922473799994       -0.0000000000000000       -0.0000000000000000     
   4205.9743668900001        0.0000000000000000        0.0000000000000000     
   4212.5564863999998       -0.0000000000000000       -0.0000000000000000     
   4219.1386059099996        0.0000000000000000        0.0000000000000000     
   4225.7207254199993       -0.0000000000000000       -0.0000000000000000     
   4232.3028449300000       -0.0000000000000000       -0.0000000000000000     
   4238.8849644399997        0.0000000000000000        0.0000000000000000     
   4245.4670839499995       -0.0000000000000000       -0.0000000000000000     
   4252.0492034600002        0.0000000000000000        0.0000000000000000     
   4258.6313229699999       -0.0000000000000000       -0.0000000000000000     
   4265.2134424799997       -0.0000000000000000       -0.0000000000000000     
   4271.7955619899994        0.0000000000000000        0.0000000000000000     
   4278.3776815000001       -0.0000000000000000       -0.0000000000000000     
   4284.9598010099999        0.0000000000000000        0.0000000000000000     
   4291.5419205199996       -0.0000000000000000       -0.0000000000000000     
   4298.1240400299994       -0.0000000000000000       -0.0000000000000000     
   4304.7061595400000        0.0000000000000000        0.0000000000000000     
   4311.2882790499998       -0.0000000000000000       -0.0000000000000000     
   4317.8703985599996        0.0000000000000000        0.0000000000000000     
   4324.4525180699993       -0.0000000000000000       -0.0000000000000000     
   4331.0346375800000       -0.0000000000000000       -0.0000000000000000     
   4337.6167570899997        0.0000000000000000        0.0000000000000000     
   4344.1988765999995       -0.0000000000000000       -0.0000000000000000     
   4350.7809961100002        0.0000000000000000        0.0000000000000000     
   4357.3631156199999       -0.0000000000000000       -0.0000000000000000     
   4363.9452351299997       -0.0000000000000000       -0.0000000000000000     
   4370.5273546399994        0.0000000000000000        0.0000000000000000     
   4377.1094741500001       -0.0000000000000000       -0.0000000000000000     
   4383.6915936599999        0.0000000000000000        0.0000000000000000     
   4390.2737131699996       -0.0000000000000000       -0.0000000000000000     
   4396.8558326799994       -0.0000000000000000       -0.0000000000000000     
   4403.4379521900000        0.0000000000000000        0.0000000000000000     
   4410.0200716999998       -0.0000000000000000       -0.0000000000000000     
   4416.6021912099995        0.0000000000000000        0.0000000000000000     
   4423.1843107199993       -0.0000000000000000       -0.0000000000000000     
   4429.7664302300000       -0.0000000000000000       -0.0000000000000000     
   4436.3485497399997        0.0000000000000000        0.0000000000000000     
   4442.9306692499995       -0.0000000000000000       -0.0000000000000000     
   4449.5127887600001        0.0000000000000000        0.0000000000000000     
   4456.0949082699999       -0.0000000000000000       -0.0000000000000000     
   4462.6770277799997       -0.0000000000000000       -0.0000000000000000     
   4469.2591472899994        0.0000000000000000        0.0000000000000000     
   4475.8412668000001       -0.0000000000000000       -0.0000000000000000     
   4482.4233863099998        0.0000000000000000        0.0000000000000000     
   4489.0055058199996       -0.0000000000000000       -0.0000000000000000     
   4495.5876253299994       -0.0000000000000000       -0.0000000000000000     
   4502.1697448400000        0.0000000000000000        0.0000000000000000     
   4508.7518643499998       -0.0000000000000000       -0.0000000000000000     
   4515.3339838599995        0.0000000000000000        0.0000000000000000     
   4521.9161033699993       -0.0000000000000000       -0.0000000000000000     
   4528.4982228800000       -0.0000000000000000       -0.0000000000000000     
   4535.0803423899997        0.0000000000000000        0.0000000000000000     
   4541.6624618999995       -0.0000000000000000       -0.0000000000000000     
   4548.2445814100001        0.0000000000000000        0.0000000000000000     
   4554.8267009199999       -0.0000000000000000       -0.0000000000000000     
   4561.4088204299997       -0.0000000000000000       -0.0000000000000000     
   4567.9909399399994        0.0000000000000000        0.0000000000000000     
   4574.5730594500001       -0.0000000000000000       -0.0000000000000000     
   4581.1551789599998        0.0000000000000000        0.0000000000000000     
   4587.7372984699996       -0.0000000000000000       -0.0000000000000000     
   4594.3194179799993       -0.0000000000000000       -0.0000000000000000     
   4600.9015374900000        0.0000000000000000        0.0000000000000000     
   4607.4836569999998       -0.0000000000000000       -0.0000000000000000     
   4614.0657765099995        0.0000000000000000        0.0000000000000000     
   4620.6478960199993       -0.0000000000000000       -0.0000000000000000     
   4627.2300155299999       -0.0000000000000000       -0.0000000000000000     
   4633.8121350399997        0.0000000000000000        0.0000000000000000     
   4640.3942545499995       -0.0000000000000000       -0.0000000000000000     
   4646.9763740600001        0.0000000000000000        0.0000000000000000     
   4653.5584935699999       -0.0000000000000000       -0.0000000000000000     
   4660.1406130799996       -0.0000000000000000       -0.0000000000000000     
   4666.7227325899994        0.0000000000000000        0.0000000000000000     
   4673.3048521000001       -0.0000000000000000       -0.0000000000000000     
   4679.8869716099998        0.0000000000000000        0.0000000000000000     
   4686.4690911199996       -0.0000000000000000       -0.0000000000000000     
   4693.0512106299993       -0.0000000000000000       -0.0000000000000000     
   4699.6333301400000        0.0000000000000000        0.0000000000000000     
   4706.2154496499998       -0.0000000000000000       -0.0000000000000000     
   4712.7975691599995        0.0000000000000000        0.0000000000000000     
   4719.3796886700002       -0.0000000000000000       -0.0000000000000000     
   4725.9618081799999       -0.0000000000000000       -0.0000000000000000     
   4732.5439276899997        0.0000000000000000        0.0000000000000000     
   4739.1260471999994       -0.0000000000000000       -0.0000000000000000     
   4745.7081667100001        0.0000000000000000        0.0000000000000000     
   4752.2902862199999       -0.0000000000000000       -0.0000000000000000     
   4758.8724057299996       -0.0000000000000000       -0.0000000000000000     
   4765.4545252399994        0.0000000000000000        0.0000000000000000     
   4772.0366447500001       -0.0000000000000000       -0.0000000000000000     
   4778.6187642599998        0.0000000000000000        0.0000000000000000     
   4785.2008837699996       -0.0000000000000000       -0.0000000000000000     
   4791.7830032799993       -0.0000000000000000       -0.0000000000000000     
   4798.3651227900000        0.0000000000000000        0.0000000000000000     
   4804.9472422999997       -0.0000000000000000       -0.0000000000000000     
   4811.5293618099995        0.0000000000000000        0.0000000000000000     
   4818.1114813200002       -0.0000000000000000       -0.0000000000000000     
   4824.6936008299999       -0.0000000000000000       -0.0000000000000000     
   4831.2757203399997        0.0000000000000000        0.0000000000000000     
   4837.8578398499994       -0.0000000000000000       -0.0000000000000000     
   4844.4399593600001        0.0000000000000000        0.0000000000000000     
   4851.0220788699999       -0.0000000000000000       -0.0000000000000000     
   4857.6041983799996       -0.0000000000000000       -0.0000000000000000     
   4864.1863178899994        0.0000000000000000        0.0000000000000000     
   4870.7684374000000       -0.0000000000000000       -0.0000000000000000     
   4877.3505569099998        0.0000000000000000        0.0000000000000000     
   4883.9326764199996       -0.0000000000000000       -0.0000000000000000     
   4890.5147959299993       -0.0000000000000000       -0.0000000000000000     
   4897.0969154400000        0.0000000000000000        0.0000000000000000     
   4903.6790349499997       -0.0000000000000000       -0.0000000000000000     
   4910.2611544599995        0.0000000000000000        0.0000000000000000     
   4916.8432739700002       -0.0000000000000000       -0.0000000000000000     
   4923.4253934799999       -0.0000000000000000       -0.0000000000000000     
   4930.0075129899997        0.0000000000000000        0.0000000000000000     
   4936.5896324999994       -0.0000000000000000       -0.0000000000000000     
   4943.1717520100001        0.0000000000000000        0.0000000000000000     
   4949.7538715199998       -0.0000000000000000       -0.0000000000000000     
   4956.3359910299996       -0.0000000000000000       -0.0000000000000000     
   4962.9181105399994        0.0000000000000000        0.0000000000000000     
   4969.5002300500000       -0.0000000000000000       -0.0000000000000000     
   4976.0823495599998        0.0000000000000000        0.0000000000000000     
   4982.6644690699995       -0.0000000000000000       -0.0000000000000000     
   4989.2465885799993       -0.0000000000000000       -0.0000000000000000     
   4995.8287080900000        0.0000000000000000        0.0000000000000000     
   5002.4108275999997       -0.0000000000000000       -0.0000000000000000     
   5008.9929471099995        0.0000000000000000        0.0000000000000000     
   5015.5750666200001       -0.0000000000000000       -0.0000000000000000     
   5022.1571861299999       -0.0000000000000000       -0.0000000000000000     
   5028.7393056399997        0.0000000000000000        0.0000000000000000     
   5035.3214251499994       -0.0000000000000000       -0.0000000000000000     
   5041.9035446600001        0.0000000000000000        0.0000000000000000     
   5048.4856641699998       -0.0000000000000000       -0.0000000000000000     
   5055.0677836799996       -0.0000000000000000       -0.0000000000000000     
   5061.6499031899993        0.0000000000000000        0.0000000000000000     
   5068.2320227000000       -0.0000000000000000       -0.0000000000000000     
   5074.8141422099998        0.0000000000000000        0.0000000000000000     
   5081.3962617199995       -0.0000000000000000       -0.0000000000000000     
   5087.9783812299993       -0.0000000000000000       -0.0000000000000000     
   5094.5605007400000        0.0000000000000000        0.0000000000000000     
   5101.1426202499997       -0.0000000000000000       -0.0000000000000000     
   5107.7247397599995        0.0000000000000000        0.0000000000000000     
   5114.3068592700001       -0.0000000000000000       -0.0000000000000000     
   5120.8889787799999       -0.0000000000000000       -0.0000000000000000     
   5127.4710982899996        0.0000000000000000        0.0000000000000000     
   5134.0532177999994       -0.0000000000000000       -0.0000000000000000     
   5140.6353373100001        0.0000000000000000        0.0000000000000000     
   5147.2174568199998       -0.0000000000000000       -0.0000000000000000     
   5153.7995763299996        0.0000000000000000        0.0000000000000000     
   5160.3816958399993        0.0000000000000000        0.0000000000000000     
   5166.9638153500000       -0.0000000000000000       -0.0000000000000000     
   5173.5459348599998        0.0000000000000000        0.0000000000000000     
   5180.1280543699995       -0.0000000000000000       -0.0000000000000000     
   5186.7101738799993        0.0000000000000000        0.0000000000000000     
   5193.2922933899999        0.0000000000000000        0.0000000000000000     
   5199.8744128999997       -0.0000000000000000       -0.0000000000000000     
   5206.4565324099995        0.0000000000000000        0.0000000000000000     
   5213.0386519200001       -0.0000000000000000       -0.0000000000000000     
   5219.6207714299999        0.0000000000000000        0.0000000000000000     
   5226.2028909399996        0.0000000000000000        0.0000000000000000     
   5232.7850104499994       -0.0000000000000000       -0.0000000000000000     
   5239.3671299600001        0.0000000000000000        0.0000000000000000     
   5245.9492494699998       -0.0000000000000000       -0.0000000000000000     
   5252.5313689799996        0.0000000000000000        0.0000000000000000     
   5259.1134884899993        0.0000000000000000        0.0000000000000000     
   5265.6956080000000       -0.0000000000000000       -0.0000000000000000     
   5272.2777275099997        0.0000000000000000        0.0000000000000000     
   5278.8598470199995       -0.0000000000000000       -0.0000000000000000     
   5285.4419665299993        0.0000000000000000        0.0000000000000000     
   5292.0240860399999        0.0000000000000000        0.0000000000000000     
   5298.6062055499997       -0.0000000000000000       -0.0000000000000000     
   5305.1883250599994        0.0000000000000000        0.0000000000000000     
   5311.7704445700001       -0.0000000000000000       -0.0000000000000000     
   5318.3525640799999        0.0000000000000000        0.0000000000000000     
   5324.9346835899996        0.0000000000000000        0.0000000000000000     
   5331.5168030999994       -0.0000000000000000       -0.0000000000000000     
   5338.0989226100000        0.0000000000000000        0.0000000000000000     
   5344.6810421199998       -0.0000000000000000       -0.0000000000000000     
   5351.2631616299996        0.0000000000000000        0.0000000000000000     
   5357.8452811399993        0.0000000000000000        0.0000000000000000     
   5364.4274006500000       -0.0000000000000000       -0.0000000000000000     
   5371.0095201599997        0.0000000000000000        0.0000000000000000     
   5377.5916396699995       -0.0000000000000000       -0.0000000000000000     
   5384.1737591799993        0.0000000000000000        0.0000000000000000     
   5390.7558786899999        0.0000000000000000        0.0000000000000000     
   5397.3379981999997       -0.0000000000000000       -0.0000000000000000     
   5403.9201177099994        0.0000000000000000        0.0000000000000000     
   5410.5022372200001       -0.0000000000000000       -0.0000000000000000     
   5417.0843567299999        0.0000000000000000        0.0000000000000000     
   5423.6664762399996        0.0000000000000000        0.0000000000000000     
   5430.2485957499994       -0.0000000000000000       -0.0000000000000000     
   5436.8307152600000        0.0000000000000000        0.0000000000000000     
   5443.4128347699998       -0.0000000000000000       -0.0000000000000000     
   5449.9949542799995        0.0000000000000000        0.0000000000000000     
   5456.5770737899993        0.0000000000000000        0.0000000000000000     
   5463.1591933000000       -0.0000000000000000       -0.0000000000000000     
   5469.7413128099997        0.0000000000000000        0.0000000000000000     
   5476.3234323199995       -0.0000000000000000       -0.0000000000000000     
   5482.9055518299992        0.0000000000000000        0.0000000000000000     
   5489.4876713399999        0.0000000000000000        0.0000000000000000     
   5496.0697908499997       -0.0000000000000000       -0.0000000000000000     
   5502.6519103599994        0.0000000000000000        0.0000000000000000     
   5509.2340298700001       -0.0000000000000000       -0.0000000000000000     
   5515.8161493799998        0.0000000000000000        0.0000000000000000     
   5522.3982688899996        0.0000000000000000        0.0000000000000000     
   5528.9803883999994       -0.0000000000000000       -0.0000000000000000     
   5535.5625079100000        0.0000000000000000        0.0000000000000000     
   5542.1446274199998       -0.0000000000000000       -0.0000000000000000     
   5548.7267469299995        0.0000000000000000        0.0000000000000000     
   5555.3088664399993        0.0000000000000000        0.0000000000000000     
   5561.8909859500000       -0.0000000000000000       -0.0000000000000000     
   5568.4731054599997        0.0000000000000000        0.0000000000000000     
   5575.0552249699995       -0.0000000000000000       -0.0000000000000000     
   5581.6373444799992        0.0000000000000000        0.0000000000000000     
   5588.2194639899999        0.0000000000000000        0.0000000000000000     
   5594.8015834999997       -0.0000000000000000       -0.0000000000000000     
   5601.3837030099994        0.0000000000000000        0.0000000000000000     
   5607.9658225200001       -0.0000000000000000       -0.0000000000000000     
   5614.5479420299998        0.0000000000000000        0.0000000000000000     
   5621.1300615399996        0.0000000000000000        0.0000000000000000     
   5627.7121810499993       -0.0000000000000000       -0.0000000000000000     
   5634.2943005600000        0.0000000000000000        0.0000000000000000     
   5640.8764200699998       -0.0000000000000000       -0.0000000000000000     
   5647.4585395799995        0.0000000000000000        0.0000000000000000     
   5654.0406590899993        0.0000000000000000        0.0000000000000000     
   5660.6227785999999       -0.0000000000000000       -0.0000000000000000     
   5667.2048981099997        0.0000000000000000        0.0000000000000000     
   5673.7870176199995       -0.0000000000000000       -0.0000000000000000     
   5680.3691371299992        0.0000000000000000        0.0000000000000000     
   5686.9512566399999        0.0000000000000000        0.0000000000000000     
   5693.5333761499996       -0.0000000000000000       -0.0000000000000000     
   5700.1154956599994        0.0000000000000000        0.0000000000000000     
   5706.6976151700001       -0.0000000000000000       -0.0000000000000000     
   5713.2797346799998        0.0000000000000000        0.0000000000000000     
   5719.8618541899996        0.0000000000000000        0.0000000000000000     
   5726.4439736999993       -0.0000000000000000       -0.0000000000000000     
   5733.0260932100000        0.0000000000000000        0.0000000000000000     
   5739.6082127199998       -0.0000000000000000       -0.0000000000000000     
   5746.1903322299995        0.0000000000000000        0.0000000000000000     
   5752.7724517399993        0.0000000000000000        0.0000000000000000     
   5759.3545712499999       -0.0000000000000000       -0.0000000000000000     
   5765.9366907599997        0.0000000000000000        0.0000000000000000     
   5772.5188102699994       -0.0000000000000000       -0.0000000000000000     
   5779.1009297800001        0.0000000000000000        0.0000000000000000     
   5785.6830492899999        0.0000000000000000        0.0000000000000000     
   5792.2651687999996       -0.0000000000000000       -0.0000000000000000     
   5798.8472883099994        0.0000000000000000        0.0000000000000000     
   5805.4294078200001       -0.0000000000000000       -0.0000000000000000     
   5812.0115273299998        0.0000000000000000        0.0000000000000000     
   5818.5936468399996        0.0000000000000000        0.0000000000000000     
   5825.1757663499993       -0.0000000000000000       -0.0000000000000000     
   5831.7578858600000        0.0000000000000000        0.0000000000000000     
   5838.3400053699997       -0.0000000000000000       -0.0000000000000000     
   5844.9221248799995        0.0000000000000000        0.0000000000000000     
   5851.5042443899993        0.0000000000000000        0.0000000000000000     
   5858.0863638999999       -0.0000000000000000       -0.0000000000000000     
   5864.6684834099997        0.0000000000000000        0.0000000000000000     
   5871.2506029199994       -0.0000000000000000       -0.0000000000000000     
   5877.8327224300001        0.0000000000000000        0.0000000000000000     
   5884.4148419399999        0.0000000000000000        0.0000000000000000     
   5890.9969614499996       -0.0000000000000000       -0.0000000000000000     
   5897.5790809599994        0.0000000000000000        0.0000000000000000     
   5904.1612004700000       -0.0000000000000000       -0.0000000000000000     
   5910.7433199799998        0.0000000000000000        0.0000000000000000     
   5917.3254394899996        0.0000000000000000        0.0000000000000000     
   5923.9075589999993       -0.0000000000000000       -0.0000000000000000     
   5930.4896785100000        0.0000000000000000        0.0000000000000000     
   5937.0717980199997       -0.0000000000000000       -0.0000000000000000     
   5943.6539175299995        0.0000000000000000        0.0000000000000000     
   5950.2360370399992        0.0000000000000000        0.0000000000000000     
   5956.8181565499999       -0.0000000000000000       -0.0000000000000000     
   5963.4002760599997        0.0000000000000000        0.0000000000000000     
   5969.9823955699994       -0.0000000000000000       -0.0000000000000000     
   5976.5645150800001        0.0000000000000000        0.0000000000000000     
   5983.1466345899998        0.0000000000000000        0.0000000000000000     
   5989.7287540999996       -0.0000000000000000       -0.0000000000000000     
   5996.3108736099994        0.0000000000000000        0.0000000000000000     
   6002.8929931200000       -0.0000000000000000       -0.0000000000000000     
   6009.4751126299998        0.0000000000000000        0.0000000000000000     
   6016.0572321399995        0.0000000000000000        0.0000000000000000     
   6022.6393516499993       -0.0000000000000000       -0.0000000000000000     
   6029.2214711600000        0.0000000000000000        0.0000000000000000     
   6035.8035906699997       -0.0000000000000000       -0.0000000000000000     
   6042.3857101799995        0.0000000000000000        0.0000000000000000     
   6048.9678296899992        0.0000000000000000        0.0000000000000000     
   6055.5499491999999       -0.0000000000000000       -0.0000000000000000     
   6062.1320687099997        0.0000000000000000        0.0000000000000000     
   6068.7141882199994       -0.0000000000000000       -0.0000000000000000     
   6075.2963077300001        0.0000000000000000        0.0000000000000000     
   6081.8784272399998       -0.0000000000000000       -0.0000000000000000     
   6088.4605467499996       -0.0000000000000000       -0.0000000000000000     
   6095.0426662599994        0.0000000000000000        0.0000000000000000     
   6101.6247857700000       -0.0000000000000000       -0.0000000000000000     
   6108.2069052799998        0.0000000000000000        0.0000000000000000     
   6114.7890247899995       -0.0000000000000000       -0.0000000000000000     
   6121.3711442999993       -0.0000000000000000       -0.0000000000000000     
   6127.9532638100000        0.0000000000000000        0.0000000000000000     
   6134.5353833199997       -0.0000000000000000       -0.0000000000000000     
   6141.1175028299995        0.0000000000000000        0.0000000000000000     
   6147.6996223399992       -0.0000000000000000       -0.0000000000000000     
   6154.2817418499999       -0.0000000000000000       -0.0000000000000000     
   6160.8638613599996        0.0000000000000000        0.0000000000000000     
   6167.4459808699994       -0.0000000000000000       -0.0000000000000000     
   6174.0281003800001        0.0000000000000000        0.0000000000000000     
   6180.6102198899998       -0.0000000000000000       -0.0000000000000000     
   6187.1923393999996       -0.0000000000000000       -0.0000000000000000     
   6193.7744589099993        0.0000000000000000        0.0000000000000000     
   6200.3565784200000       -0.0000000000000000       -0.0000000000000000     
   6206.9386979299998        0.0000000000000000        0.0000000000000000     
   6213.5208174399995       -0.0000000000000000       -0.0000000000000000     
   6220.1029369499993       -0.0000000000000000       -0.0000000000000000     
   6226.6850564599999        0.0000000000000000        0.0000000000000000     
   6233.2671759699997       -0.0000000000000000       -0.0000000000000000     
   6239.8492954799995        0.0000000000000000        0.0000000000000000     
   6246.4314149899992       -0.0000000000000000       -0.0000000000000000     
   6253.0135344999999       -0.0000000000000000       -0.0000000000000000     
   6259.5956540099996        0.0000000000000000        0.0000000000000000     
   6266.1777735199994       -0.0000000000000000       -0.0000000000000000     
   6272.7598930300001        0.0000000000000000        0.0000000000000000     
   6279.3420125399998       -0.0000000000000000       -0.0000000000000000     
   6285.9241320499996       -0.0000000000000000       -0.0000000000000000     
   6292.5062515599993        0.0000000000000000        0.0000000000000000     
   6299.0883710700000       -0.0000000000000000       -0.0000000000000000     
   6305.6704905799998        0.0000000000000000        0.0000000000000000     
   6312.2526100899995       -0.0000000000000000       -0.0000000000000000     
   6318.8347295999993       -0.0000000000000000       -0.0000000000000000     
   6325.4168491099999        0.0000000000000000        0.0000000000000000     
   6331.9989686199997       -0.0000000000000000       -0.0000000000000000     
   6338.5810881299994        0.0000000000000000        0.0000000000000000     
   6345.1632076399992       -0.0000000000000000       -0.0000000000000000     
   6351.7453271499999       -0.0000000000000000       -0.0000000000000000     
   6358.3274466599996        0.0000000000000000        0.0000000000000000     
   6364.9095661699994       -0.0000000000000000       -0.0000000000000000     
   6371.4916856800000        0.0000000000000000        0.0000000000000000     
   6378.0738051899998       -0.0000000000000000       -0.0000000000000000     
   6384.6559246999996       -0.0000000000000000       -0.0000000000000000     
   6391.2380442099993        0.0000000000000000        0.0000000000000000     
   6397.8201637200000       -0.0000000000000000       -0.0000000000000000     
   6404.4022832299997        0.0000000000000000        0.0000000000000000     
   6410.9844027399995       -0.0000000000000000       -0.0000000000000000     
   6417.5665222499993       -0.0000000000000000       -0.0000000000000000     
   6424.1486417599999        0.0000000000000000        0.0000000000000000     
   6430.7307612699997       -0.0000000000000000       -0.0000000000000000     
   6437.3128807799994        0.0000000000000000        0.0000000000000000     
   6443.8950002899992       -0.0000000000000000       -0.0000000000000000     
   6450.4771197999999       -0.0000000000000000       -0.0000000000000000     
   6457.0592393099996        0.0000000000000000        0.0000000000000000     
   6463.6413588199994       -0.0000000000000000       -0.0000000000000000     
   6470.2234783300000        0.0000000000000000        0.0000000000000000     
   6476.8055978399998       -0.0000000000000000       -0.0000000000000000     
   6483.3877173499995       -0.0000000000000000       -0.0000000000000000     
   6489.9698368599993        0.0000000000000000        0.0000000000000000     
   6496.5519563700000       -0.0000000000000000       -0.0000000000000000     
   6503.1340758799997        0.0000000000000000        0.0000000000000000     
   6509.7161953899995       -0.0000000000000000       -0.0000000000000000     
   6516.2983148999992       -0.0000000000000000       -0.0000000000000000     
   6522.8804344099999        0.0000000000000000        0.0000000000000000     
   6529.4625539199997       -0.0000000000000000       -0.0000000000000000     
   6536.0446734299994        0.0000000000000000        0.0000000000000000     
   6542.6267929399992       -0.0000000000000000       -0.0000000000000000     
   6549.2089124499998       -0.0000000000000000       -0.0000000000000000     
   6555.7910319599996        0.0000000000000000        0.0000000000000000     
   6562.3731514699994       -0.0000000000000000       -0.0000000000000000     
   6568.9552709800000        0.0000000000000000        0.0000000000000000     
   6575.5373904899998       -0.0000000000000000       -0.0000000000000000     
   6582.1195099999995       -0.0000000000000000       -0.0000000000000000     
   6588.7016295099993        0.0000000000000000        0.0000000000000000     
   6595.2837490200000       -0.0000000000000000       -0.0000000000000000     
   6601.8658685299997        0.0000000000000000        0.0000000000000000     
   6608.4479880399995       -0.0000000000000000       -0.0000000000000000     
   6615.0301075499992       -0.0000000000000000       -0.0000000000000000     
   6621.6122270599999        0.0000000000000000        0.0000000000000000     
   6628.1943465699997       -0.0000000000000000       -0.0000000000000000     
   6634.7764660799994        0.0000000000000000        0.0000000000000000     
   6641.3585855899992       -0.0000000000000000       -0.0000000000000000     
   6647.9407050999998       -0.0000000000000000       -0.0000000000000000     
   6654.5228246099996        0.0000000000000000        0.0000000000000000     
   6661.1049441199993       -0.0000000000000000       -0.0000000000000000     
   6667.6870636300000        0.0000000000000000        0.0000000000000000     
   6674.2691831399998       -0.0000000000000000       -0.0000000000000000     
   6680.8513026499995       -0.0000000000000000       -0.0000000000000000     
   6687.4334221599993        0.0000000000000000        0.0000000000000000     
   6694.0155416699999       -0.0000000000000000       -0.0000000000000000     
   6700.5976611799997        0.0000000000000000        0.0000000000000000     
   6707.1797806899995       -0.0000000000000000       -0.0000000000000000     
   6713.7619001999992       -0.0000000000000000       -0.0000000000000000     
   6720.3440197099999        0.0000000000000000        0.0000000000000000     
   6726.9261392199996       -0.0000000000000000       -0.0000000000000000     
   6733.5082587299994        0.0000000000000000        0.0000000000000000     
   6740.0903782400001       -0.0000000000000000       -0.0000000000000000     
   6746.6724977499998       -0.0000000000000000       -0.0000000000000000     
   6753.2546172599996        0.0000000000000000        0.0000000000000000     
   6759.8367367699993       -0.0000000000000000       -0.0000000000000000     
   6766.4188562800000        0.0000000000000000        0.0000000000000000     
   6773.0009757899998       -0.0000000000000000       -0.0000000000000000     
   6779.5830952999995       -0.0000000000000000       -0.0000000000000000     
   6786.1652148099993        0.0000000000000000        0.0000000000000000     
   6792.7473343199999       -0.0000000000000000       -0.0000000000000000     
   6799.3294538299997        0.0000000000000000        0.0000000000000000     
   6805.9115733399994       -0.0000000000000000       -0.0000000000000000     
   6812.4936928499992       -0.0000000000000000       -0.0000000000000000     
   6819.0758123599999        0.0000000000000000        0.0000000000000000     
   6825.6579318699996       -0.0000000000000000       -0.0000000000000000     
   6832.2400513799994        0.0000000000000000        0.0000000000000000     
   6838.8221708900001       -0.0000000000000000       -0.0000000000000000     
   6845.4042903999998       -0.0000000000000000       -0.0000000000000000     
   6851.9864099099996        0.0000000000000000        0.0000000000000000     
   6858.5685294199993       -0.0000000000000000       -0.0000000000000000     
   6865.1506489300000        0.0000000000000000        0.0000000000000000     
   6871.7327684399997       -0.0000000000000000       -0.0000000000000000     
   6878.3148879499995       -0.0000000000000000       -0.0000000000000000     
   6884.8970074599993        0.0000000000000000        0.0000000000000000     
   6891.4791269699999       -0.0000000000000000       -0.0000000000000000     
   6898.0612464799997        0.0000000000000000        0.0000000000000000     
   6904.6433659899994       -0.0000000000000000       -0.0000000000000000     
   6911.2254854999992       -0.0000000000000000       -0.0000000000000000     
   6917.8076050099999        0.0000000000000000        0.0000000000000000     
   6924.3897245199996       -0.0000000000000000       -0.0000000000000000     
   6930.9718440299994        0.0000000000000000        0.0000000000000000     
   6937.5539635400000       -0.0000000000000000       -0.0000000000000000     
   6944.1360830499998       -0.0000000000000000       -0.0000000000000000     
   6950.7182025599996        0.0000000000000000        0.0000000000000000     
   6957.3003220699993       -0.0000000000000000       -0.0000000000000000     
   6963.8824415800000        0.0000000000000000        0.0000000000000000     
   6970.4645610899997       -0.0000000000000000       -0.0000000000000000     
   6977.0466805999995       -0.0000000000000000       -0.0000000000000000     
   6983.6288001099992        0.0000000000000000        0.0000000000000000     
   6990.2109196199999       -0.0000000000000000       -0.0000000000000000     
   6996.7930391299997        0.0000000000000000        0.0000000000000000     
   7003.3751586399994       -0.0000000000000000       -0.0000000000000000     
   7009.9572781499992        0.0000000000000000        0.0000000000000000     
   7016.5393976599998        0.0000000000000000        0.0000000000000000     
   7023.1215171699996       -0.0000000000000000       -0.0000000000000000     
   7029.7036366799994        0.0000000000000000        0.0000000000000000     
   7036.2857561900000       -0.0000000000000000       -0.0000000000000000     
   7042.8678756999998        0.0000000000000000        0.0000000000000000     
   7049.4499952099995        0.0000000000000000        0.0000000000000000     
   7056.0321147199993       -0.0000000000000000       -0.0000000000000000     
   7062.6142342300000        0.0000000000000000        0.0000000000000000     
   7069.1963537399997       -0.0000000000000000       -0.0000000000000000     
   7075.7784732499995        0.0000000000000000        0.0000000000000000     
   7082.3605927599992        0.0000000000000000        0.0000000000000000     
   7088.9427122699999       -0.0000000000000000       -0.0000000000000000     
   7095.5248317799997        0.0000000000000000        0.0000000000000000     
   7102.1069512899994       -0.0000000000000000       -0.0000000000000000     
   7108.6890707999992        0.0000000000000000        0.0000000000000000     
   7115.2711903099998        0.0000000000000000        0.0000000000000000     
   7121.8533098199996       -0.0000000000000000       -0.0000000000000000     
   7128.4354293299994        0.0000000000000000        0.0000000000000000     
   7135.0175488400000       -0.0000000000000000       -0.0000000000000000     
   7141.5996683499998        0.0000000000000000        0.0000000000000000     
   7148.1817878599995        0.0000000000000000        0.0000000000000000     
   7154.7639073699993       -0.0000000000000000       -0.0000000000000000     
   7161.3460268800000        0.0000000000000000        0.0000000000000000     
   7167.9281463899997       -0.0000000000000000       -0.0000000000000000     
   7174.5102658999995        0.0000000000000000        0.0000000000000000     
   7181.0923854099992        0.0000000000000000        0.0000000000000000     
   7187.6745049199999       -0.0000000000000000       -0.0000000000000000     
   7194.2566244299996        0.0000000000000000        0.0000000000000000     
   7200.8387439399994       -0.0000000000000000       -0.0000000000000000     
   7207.4208634499992        0.0000000000000000        0.0000000000000000     
   7214.0029829599998        0.0000000000000000        0.0000000000000000     
   7220.5851024699996       -0.0000000000000000       -0.0000000000000000     
   7227.1672219799993        0.0000000000000000        0.0000000000000000     
   7233.7493414900000       -0.0000000000000000       -0.0000000000000000     
   7240.3314609999998        0.0000000000000000        0.0000000000000000     
   7246.9135805099995        0.0000000000000000        0.0000000000000000     
   7253.4957000199993       -0.0000000000000000       -0.0000000000000000     
   7260.0778195299999        0.0000000000000000        0.0000000000000000     
   7266.6599390399997       -0.0000000000000000       -0.0000000000000000     
   7273.2420585499995        0.0000000000000000        0.0000000000000000     
   7279.8241780599992        0.0000000000000000        0.0000000000000000     
   7286.4062975699999       -0.0000000000000000       -0.0000000000000000     
   7292.9884170799996        0.0000000000000000        0.0000000000000000     
   7299.5705365899994       -0.0000000000000000       -0.0000000000000000     
   7306.1526560999991        0.0000000000000000        0.0000000000000000     
   7312.7347756099998        0.0000000000000000        0.0000000000000000     
   7319.3168951199996       -0.0000000000000000       -0.0000000000000000     
   7325.8990146299993        0.0000000000000000        0.0000000000000000     
   7332.4811341400000       -0.0000000000000000       -0.0000000000000000     
   7339.0632536499998        0.0000000000000000        0.0000000000000000     
   7345.6453731599995        0.0000000000000000        0.0000000000000000     
   7352.2274926699993       -0.0000000000000000       -0.0000000000000000     
   7358.8096121799999        0.0000000000000000        0.0000000000000000     
   7365.3917316899997       -0.0000000000000000       -0.0000000000000000     
   7371.9738511999994        0.0000000000000000        0.0000000000000000     
   7378.5559707099992        0.0000000000000000        0.0000000000000000     
   7385.1380902199999       -0.0000000000000000       -0.0000000000000000     
   7391.7202097299996        0.0000000000000000        0.0000000000000000     
   7398.3023292399994       -0.0000000000000000       -0.0000000000000000     
   7404.8844487499991        0.0000000000000000        0.0000000000000000     
   7411.4665682599998        0.0000000000000000        0.0000000000000000     
   7418.0486877699996       -0.0000000000000000       -0.0000000000000000     
   7424.6308072799993        0.0000000000000000        0.0000000000000000     
   7431.2129267900000       -0.0000000000000000       -0.0000000000000000     
   7437.7950462999997        0.0000000000000000        0.0000000000000000     
   7444.3771658099995        0.0000000000000000        0.0000000000000000     
   7450.9592853199993       -0.0000000000000000       -0.0000000000000000     
   7457.5414048299999        0.0000000000000000        0.0000000000000000     
   7464.1235243399997       -0.0000000000000000       -0.0000000000000000     
   7470.7056438499994        0.0000000000000000        0.0000000000000000     
   7477.2877633599992        0.0000000000000000        0.0000000000000000     
   7483.8698828699999       -0.0000000000000000       -0.0000000000000000     
   7490.4520023799996        0.0000000000000000        0.0000000000000000     
   7497.0341218899994       -0.0000000000000000       -0.0000000000000000     
   7503.6162413999991        0.0000000000000000        0.0000000000000000     
   7510.1983609099998        0.0000000000000000        0.0000000000000000     
   7516.7804804199995       -0.0000000000000000       -0.0000000000000000     
   7523.3625999299993        0.0000000000000000        0.0000000000000000     
   7529.9447194400000       -0.0000000000000000       -0.0000000000000000     
   7536.5268389499997        0.0000000000000000        0.0000000000000000     
   7543.1089584599995        0.0000000000000000        0.0000000000000000     
   7549.6910779699992       -0.0000000000000000       -0.0000000000000000     
   7556.2731974799999        0.0000000000000000        0.0000000000000000     
   7562.8553169899997       -0.0000000000000000       -0.0000000000000000     
   7569.4374364999994        0.0000000000000000        0.0000000000000000     
   7576.0195560099992        0.0000000000000000        0.0000000000000000     
   7582.6016755199998       -0.0000000000000000       -0.0000000000000000     
   7589.1837950299996        0.0000000000000000        0.0000000000000000     
   7595.7659145399994       -0.0000000000000000       -0.0000000000000000     
   7602.3480340499991        0.0000000000000000        0.0000000000000000     
   7608.9301535599998        0.0000000000000000        0.0000000000000000     
   7615.5122730699995       -0.0000000000000000       -0.0000000000000000     
   7622.0943925799993        0.0000000000000000        0.0000000000000000     
   7628.6765120900000       -0.0000000000000000       -0.0000000000000000     
   7635.2586315999997        0.0000000000000000        0.0000000000000000     
   7641.8407511099995        0.0000000000000000        0.0000000000000000     
   7648.4228706199992       -0.0000000000000000       -0.0000000000000000     
   7655.0049901299999        0.0000000000000000        0.0000000000000000     
   7661.5871096399997       -0.0000000000000000       -0.0000000000000000     
   7668.1692291499994        0.0000000000000000        0.0000000000000000     
   7674.7513486599992        0.0000000000000000        0.0000000000000000     
   7681.3334681699998       -0.0000000000000000       -0.0000000000000000     
   7687.9155876799996        0.0000000000000000        0.0000000000000000     
   7694.4977071899993       -0.0000000000000000       -0.0000000000000000     
   7701.0798266999991        0.0000000000000000        0.0000000000000000     
   7707.6619462099998        0.0000000000000000        0.0000000000000000     
   7714.2440657199995       -0.0000000000000000       -0.0000000000000000     
   7720.8261852299993        0.0000000000000000        0.0000000000000000     
   7727.4083047399999       -0.0000000000000000       -0.0000000000000000     
   7733.9904242499997        0.0000000000000000        0.0000000000000000     
   7740.5725437599995        0.0000000000000000        0.0000000000000000     
   7747.1546632699992       -0.0000000000000000       -0.0000000000000000     
   7753.7367827799999        0.0000000000000000        0.0000000000000000     
   7760.3189022899996       -0.0000000000000000       -0.0000000000000000     
   7766.9010217999994        0.0000000000000000        0.0000000000000000     
   7773.4831413099992        0.0000000000000000        0.0000000000000000     
   7780.0652608199998       -0.0000000000000000       -0.0000000000000000     
   7786.6473803299996        0.0000000000000000        0.0000000000000000     
   7793.2294998399993       -0.0000000000000000       -0.0000000000000000     
   7799.8116193500000        0.0000000000000000        0.0000000000000000     
   7806.3937388599998        0.0000000000000000        0.0000000000000000     
   7812.9758583699995       -0.0000000000000000       -0.0000000000000000     
   7819.5579778799993        0.0000000000000000        0.0000000000000000     
   7826.1400973899999       -0.0000000000000000       -0.0000000000000000     
   7832.7222168999997        0.0000000000000000        0.0000000000000000     
   7839.3043364099995        0.0000000000000000        0.0000000000000000     
   7845.8864559199992       -0.0000000000000000       -0.0000000000000000     
   7852.4685754299999        0.0000000000000000        0.0000000000000000     
   7859.0506949399996       -0.0000000000000000       -0.0000000000000000     
   7865.6328144499994        0.0000000000000000        0.0000000000000000     
   7872.2149339599991        0.0000000000000000        0.0000000000000000     
   7878.7970534699998       -0.0000000000000000       -0.0000000000000000     
   7885.3791729799996        0.0000000000000000        0.0000000000000000     
   7891.9612924899993       -0.0000000000000000       -0.0000000000000000     
