-1.000000000000000000e+00 9.534969395925382285e-01 5.010562328162095763e-02 3.774682097442491369e+01
-5.000000000000000000e-01 1.046503060407461883e+00 5.537030390742388175e-02 1.077296756679525558e+01
0.000000000000000000e+00 8.677802080493314252e-01 5.418644699682127058e-02 6.559079868552650794e+01
5.000000000000000000e-01 7.989161559883425356e-01 5.775382927893962792e-02 9.090727246749536050e+01
1.000000000000000000e+00 7.901921014530975951e-01 5.207946123361891638e-02 9.438776968138304824e+01
1.500000000000000000e+00 7.885393995613046991e-01 5.175852912493003610e-02 9.505072153164738324e+01
2.000000000000000000e+00 6.835866117646264284e-01 5.012355595569867317e-02 1.434462066009429861e+02
6.000000000000000000e+00 5.711398906518539986e-01 5.881119743634233982e-02 2.351821688812687512e+02
5.000000000000000000e+01 5.880611234378028129e-01 5.011888852797177774e-02 2.128904129161308845e+02
1.000000000000000000e+02 5.690837279645506452e-01 4.927825147210564832e-02 2.387041005857979599e+02
5.000000000000000000e+02 6.890349527214651992e-01 5.457819546177423986e-02 1.405043577653950422e+02
