    0.000000     0.000000    -0.631639     1.000000    21.301300 
    0.100000     0.017479    -0.396747     0.819213    21.301300 
    0.200000     0.027258    -0.368434     0.774348    21.301300 
    0.300000     0.030791    -0.362639     0.759927    21.301300 
    0.400000     0.029745    -0.364175     0.764137    21.301300 
    0.500000     0.025746    -0.371690     0.780735    21.301300 
    0.600000     0.020211    -0.386596     0.805676    21.301300 
    0.700000     0.014259    -0.412963     0.837011    21.301300 
    0.800000     0.008689    -0.463240     0.877432    21.301300 
    0.900000     0.003992    -0.553521     0.935160    21.301300 
    1.000000     0.000400    -0.630332     0.995189    21.301300 
    1.100000    -0.002051    -0.604196     1.011464    21.301300 
    1.200000    -0.003467    -0.567237     1.010796    21.301300 
    1.300000    -0.004032    -0.552032     1.009831    21.301300 
    1.400000    -0.003963    -0.553793     1.009943    21.301300 
    1.500000    -0.003478    -0.566827     1.010690    21.301300 
    1.600000    -0.002767    -0.586046     1.011524    21.301300 
    1.700000    -0.001984    -0.605767     1.011374    21.301300 
    1.800000    -0.001239    -0.620916     1.009376    21.301300 
    1.900000    -0.000602    -0.629108     1.005608    21.301300 
    2.000000    -0.000108    -0.631581     1.001157    21.301300 
    2.100000     0.000235    -0.631161     0.997282    21.301300 
    2.200000     0.000438    -0.630084     0.994693    21.301300 
    2.300000     0.000526    -0.629433     0.993511    21.301300 
    2.400000     0.000527    -0.629432     0.993511    21.301300 
    2.500000     0.000469    -0.629870     0.994286    21.301300 
    2.600000     0.000378    -0.630462     0.995477    21.301300 
    2.700000     0.000275    -0.630993     0.996779    21.301300 
    2.800000     0.000176    -0.631358     0.997989    21.301300 
    2.900000     0.000090    -0.631553     0.998995    21.301300 
    3.000000     0.000022    -0.631629     0.999758    21.301300 
    3.100000    -0.000026    -0.631641     1.000282    21.301300 
    3.200000    -0.000055    -0.631631     1.000596    21.301300 
    3.300000    -0.000069    -0.631622     1.000738    21.301300 
    3.400000    -0.000070    -0.631621     1.000753    21.301300 
    3.500000    -0.000063    -0.631627     1.000682    21.301300 
    3.600000    -0.000052    -0.631633     1.000559    21.301300 
    3.700000    -0.000038    -0.631638     1.000414    21.301300 
    3.800000    -0.000025    -0.631641     1.000271    21.301300 
    3.900000    -0.000013    -0.631641     1.000145    21.301300 
    4.000000    -0.000004    -0.631640     1.000043    21.301300 
    4.100000     0.000003    -0.631638     0.999970    21.301300 
    4.200000     0.000007    -0.631637     0.999925    21.301300 
    4.300000     0.000009    -0.631636     0.999902    21.301300 
    4.400000     0.000009    -0.631636     0.999898    21.301300 
    4.500000     0.000008    -0.631636     0.999907    21.301300 
    4.600000     0.000007    -0.631637     0.999923    21.301300 
    4.700000     0.000005    -0.631637     0.999942    21.301300 
    4.800000     0.000004    -0.631638     0.999962    21.301300 
    4.900000     0.000002    -0.631638     0.999979    21.301300 
    5.000000     0.000001    -0.631639     0.999993    21.301300 
    5.100000    -0.000000    -0.631639     1.000003    21.301300 
    5.200000    -0.000001    -0.631639     1.000009    21.301300 
    5.300000    -0.000001    -0.631639     1.000013    21.301300 
    5.400000    -0.000001    -0.631639     1.000013    21.301300 
    5.500000    -0.000001    -0.631639     1.000012    21.301300 
    5.600000    -0.000001    -0.631639     1.000010    21.301300 
    5.700000    -0.000001    -0.631639     1.000008    21.301300 
    5.800000    -0.000000    -0.631639     1.000005    21.301300 
    5.900000    -0.000000    -0.631639     1.000003    21.301300 
    6.000000    -0.000000    -0.631639     1.000001    21.301300 
    6.100000     0.000000    -0.631639     1.000000    21.301300 
    6.200000     0.000000    -0.631639     0.999999    21.301300 
    6.300000     0.000000    -0.631639     0.999998    21.301300 
    6.400000     0.000000    -0.631639     0.999998    21.301300 
    6.500000     0.000000    -0.631639     0.999998    21.301300 
    6.600000     0.000000    -0.631639     0.999999    21.301300 
    6.700000     0.000000    -0.631639     0.999999    21.301300 
    6.800000     0.000000    -0.631639     0.999999    21.301300 
    6.900000     0.000000    -0.631639     1.000000    21.301300 
    7.000000     0.000000    -0.631639     1.000000    21.301300 
    7.100000    -0.000000    -0.631639     1.000000    21.301300 
    7.200000    -0.000000    -0.631639     1.000000    21.301300 
    7.300000    -0.000000    -0.631639     1.000000    21.301300 
    7.400000    -0.000000    -0.631639     1.000000    21.301300 
    7.500000    -0.000000    -0.631639     1.000000    21.301300 
    7.600000    -0.000000    -0.631639     1.000000    21.301300 
    7.700000    -0.000000    -0.631639     1.000000    21.301300 
    7.800000    -0.000000    -0.631639     1.000000    21.301300 
    7.900000    -0.000000    -0.631639     1.000000    21.301300 
    8.000000    -0.000000    -0.631639     1.000000    21.301300 
    8.100000    -0.000000    -0.631639     1.000000    21.301300 
    8.200000     0.000000    -0.631639     1.000000    21.301300 
    8.300000     0.000000    -0.631639     1.000000    21.301300 
    8.400000     0.000000    -0.631639     1.000000    21.301300 
    8.500000     0.000000    -0.631639     1.000000    21.301300 
    8.600000     0.000000    -0.631639     1.000000    21.301300 
    8.700000     0.000000    -0.631639     1.000000    21.301300 
    8.800000     0.000000    -0.631639     1.000000    21.301300 
    8.900000     0.000000    -0.631639     1.000000    21.301300 
    9.000000     0.000000    -0.631639     1.000000    21.301300 
    9.100000     0.000000    -0.631639     1.000000    21.301300 
    9.200000    -0.000000    -0.631639     1.000000    21.301300 
    9.300000    -0.000000    -0.631639     1.000000    21.301300 
    9.400000    -0.000000    -0.631639     1.000000    21.301300 
    9.500000    -0.000000    -0.631639     1.000000    21.301300 
    9.600000    -0.000000    -0.631639     1.000000    21.301300 
    9.700000    -0.000000    -0.631639     1.000000    21.301300 
    9.800000    -0.000000    -0.631639     1.000000    21.301300 
    9.900000    -0.000000    -0.631639     1.000000    21.301300 
   10.000000    -0.000000    -0.631639     1.000000    21.301300 
   10.100000    -0.000000    -0.631639     1.000000    21.301300 
   10.200000     0.000000    -0.631639     1.000000    21.301300 
   10.300000     0.000000    -0.631639     1.000000    21.301300 
   10.400000     0.000000    -0.631639     1.000000    21.301300 
   10.500000     0.000000    -0.631639     1.000000    21.301300 
   10.600000     0.000000    -0.631639     1.000000    21.301300 
   10.700000     0.000000    -0.631639     1.000000    21.301300 
   10.800000     0.000000    -0.631639     1.000000    21.301300 
   10.900000     0.000000    -0.631639     1.000000    21.301300 
   11.000000     0.000000    -0.631639     1.000000    21.301300 
   11.100000     0.000000    -0.631639     1.000000    21.301300 
   11.200000    -0.000000    -0.631639     1.000000    21.301300 
   11.300000    -0.000000    -0.631639     1.000000    21.301300 
   11.400000    -0.000000    -0.631639     1.000000    21.301300 
   11.500000    -0.000000    -0.631639     1.000000    21.301300 
   11.600000    -0.000000    -0.631639     1.000000    21.301300 
   11.700000    -0.000000    -0.631639     1.000000    21.301300 
   11.800000    -0.000000    -0.631639     1.000000    21.301300 
   11.900000    -0.000000    -0.631639     1.000000    21.301300 
