    0.000000     0.000000    -0.631639     1.000000    21.301300 
    0.100000     0.000000    -0.619874     0.995005    30.363894 
    0.200000     0.000000    -0.600056     0.985624    38.973228 
    0.300000     0.000000    -0.575537     0.972430    47.151973 
    0.400000     0.000000    -0.549059     0.956492    54.921663 
    0.500000     0.000000    -0.522484     0.939032    62.302758 
    0.600000     0.000000    -0.496950     0.921096    69.314692 
    0.700000     0.000000    -0.473067     0.903436    75.975929 
    0.800000     0.000000    -0.451089     0.886522    82.304009 
    0.900000     0.000000    -0.431064     0.870611    88.315594 
    1.000000     0.000000    -0.412916     0.855815    94.026514 
    1.100000     0.000000    -0.396515     0.842156    99.451806 
    1.200000     0.000000    -0.381704     0.829600   104.605756 
    1.300000     0.000000    -0.368325     0.818086   109.501934 
    1.400000     0.000000    -0.356227     0.807538   114.153234 
    1.500000     0.000000    -0.345269     0.797879   118.571902 
    1.600000     0.000000    -0.335326     0.789028   122.769573 
    1.700000     0.000000    -0.326285     0.780912   126.757301 
    1.800000     0.000000    -0.318048     0.773461   130.545585 
    1.900000     0.000000    -0.310527     0.766613   134.144401 
    2.000000     0.000000    -0.303647     0.760310   137.563225 
    2.100000     0.000000    -0.297339     0.754501   140.811058 
    2.200000     0.000000    -0.291546     0.749140   143.896453 
    2.300000     0.000000    -0.286216     0.744185   146.827535 
    2.400000     0.000000    -0.281302     0.739599   149.612020 
    2.500000     0.000000    -0.276765     0.735350   152.257241 
    2.600000     0.000000    -0.272570     0.731407   154.770163 
    2.700000     0.000000    -0.268685     0.727745   157.157403 
    2.800000     0.000000    -0.265081     0.724339   159.425247 
    2.900000     0.000000    -0.261735     0.721167   161.579667 
    3.000000     0.000000    -0.258623     0.718211   163.626334 
    3.100000     0.000000    -0.255726     0.715453   165.570639 
    3.200000     0.000000    -0.253026     0.712878   167.417701 
    3.300000     0.000000    -0.250507     0.710470   169.172383 
    3.400000     0.000000    -0.248155     0.708218   170.839306 
    3.500000     0.000000    -0.245956     0.706110   172.422859 
    3.600000     0.000000    -0.243899     0.704134   173.927211 
    3.700000     0.000000    -0.241973     0.702281   175.356325 
    3.800000     0.000000    -0.240168     0.700543   176.713962 
    3.900000     0.000000    -0.238475     0.698910   178.003698 
    4.000000     0.000000    -0.236886     0.697377   179.228929 
    4.100000     0.000000    -0.235395     0.695935   180.392881 
    4.200000     0.000000    -0.233993     0.694579   181.498618 
    4.300000     0.000000    -0.232675     0.693303   182.549053 
    4.400000     0.000000    -0.231436     0.692102   183.546951 
    4.500000     0.000000    -0.230269     0.690970   184.494940 
    4.600000     0.000000    -0.229170     0.689904   185.395515 
    4.700000     0.000000    -0.228135     0.688898   186.251050 
    4.800000     0.000000    -0.227160     0.687950   187.063795 
    4.900000     0.000000    -0.226240     0.687055   187.835891 
    5.000000     0.000000    -0.225372     0.686211   188.569371 
    5.100000     0.000000    -0.224554     0.685413   189.266167 
    5.200000     0.000000    -0.223781     0.684660   189.928113 
    5.300000     0.000000    -0.223051     0.683949   190.556953 
    5.400000     0.000000    -0.222362     0.683277   191.154341 
    5.500000     0.000000    -0.221711     0.682641   191.721851 
    5.600000     0.000000    -0.221095     0.682040   192.260978 
    5.700000     0.000000    -0.220513     0.681472   192.773141 
    5.800000     0.000000    -0.219963     0.680934   193.259688 
    5.900000     0.000000    -0.219443     0.680426   193.721901 
    6.000000     0.000000    -0.218950     0.679944   194.160997 
    6.100000     0.000000    -0.218484     0.679489   194.578131 
    6.200000     0.000000    -0.218044     0.679058   194.974403 
    6.300000     0.000000    -0.217626     0.678649   195.350856 
    6.400000     0.000000    -0.217231     0.678262   195.708480 
    6.500000     0.000000    -0.216857     0.677896   196.048218 
    6.600000     0.000000    -0.216503     0.677549   196.370965 
    6.700000     0.000000    -0.216167     0.677220   196.677569 
    6.800000     0.000000    -0.215849     0.676908   196.968839 
    6.900000     0.000000    -0.215548     0.676613   197.245542 
    7.000000     0.000000    -0.215262     0.676333   197.508405 
    7.100000     0.000000    -0.214991     0.676068   197.758121 
    7.200000     0.000000    -0.214735     0.675816   197.995348 
    7.300000     0.000000    -0.214492     0.675578   198.220710 
    7.400000     0.000000    -0.214261     0.675352   198.434801 
    7.500000     0.000000    -0.214043     0.675137   198.638184 
    7.600000     0.000000    -0.213835     0.674934   198.831395 
    7.700000     0.000000    -0.213639     0.674741   199.014943 
    7.800000     0.000000    -0.213452     0.674558   199.189311 
    7.900000     0.000000    -0.213275     0.674384   199.354957 
    8.000000     0.000000    -0.213108     0.674220   199.512320 
    8.100000     0.000000    -0.212948     0.674063   199.661811 
    8.200000     0.000000    -0.212797     0.673915   199.803826 
    8.300000     0.000000    -0.212654     0.673774   199.938739 
    8.400000     0.000000    -0.212518     0.673641   200.066904 
    8.500000     0.000000    -0.212389     0.673514   200.188658 
    8.600000     0.000000    -0.212267     0.673394   200.304323 
    8.700000     0.000000    -0.212151     0.673280   200.414204 
    8.800000     0.000000    -0.212040     0.673172   200.518588 
    8.900000     0.000000    -0.211936     0.673069   200.617752 
    9.000000     0.000000    -0.211837     0.672971   200.711957 
    9.100000     0.000000    -0.211742     0.672878   200.801449 
    9.200000     0.000000    -0.211653     0.672791   200.886466 
    9.300000     0.000000    -0.211568     0.672707   200.967231 
    9.400000     0.000000    -0.211487     0.672628   201.043957 
    9.500000     0.000000    -0.211411     0.672553   201.116845 
    9.600000     0.000000    -0.211338     0.672481   201.186087 
    9.700000     0.000000    -0.211269     0.672413   201.251867 
    9.800000     0.000000    -0.211203     0.672349   201.314356 
    9.900000     0.000000    -0.211141     0.672288   201.373720 
   10.000000     0.000000    -0.211082     0.672230   201.430115 
   10.100000     0.000000    -0.211026     0.672175   201.483690 
   10.200000     0.000000    -0.210973     0.672122   201.534585 
   10.300000     0.000000    -0.210922     0.672073   201.582935 
   10.400000     0.000000    -0.210874     0.672025   201.628866 
   10.500000     0.000000    -0.210829     0.671980   201.672500 
   10.600000     0.000000    -0.210785     0.671938   201.713952 
   10.700000     0.000000    -0.210744     0.671897   201.753331 
   10.800000     0.000000    -0.210705     0.671859   201.790740 
   10.900000     0.000000    -0.210668     0.671823   201.826278 
   11.000000     0.000000    -0.210633     0.671788   201.860039 
   11.100000     0.000000    -0.210599     0.671755   201.892111 
   11.200000     0.000000    -0.210568     0.671724   201.922579 
   11.300000     0.000000    -0.210538     0.671694   201.951524 
   11.400000     0.000000    -0.210509     0.671666   201.979020 
   11.500000     0.000000    -0.210482     0.671639   202.005142 
   11.600000     0.000000    -0.210456     0.671614   202.029957 
   11.700000     0.000000    -0.210431     0.671590   202.053531 
   11.800000     0.000000    -0.210408     0.671567   202.075926 
   11.900000     0.000000    -0.210386     0.671545   202.097200 
